     301
  2.90211E-02
  3.04935E-02
  3.19658E-02
  3.34381E-02
  3.49104E-02
  3.63827E-02
  3.78551E-02
  3.93274E-02
  4.07997E-02
  4.22720E-02
  4.37443E-02
  4.52167E-02
  4.66890E-02
  4.81613E-02
  4.96336E-02
  5.11060E-02
  5.25783E-02
  5.40506E-02
  5.55229E-02
  5.69952E-02
  5.84676E-02
  5.99399E-02
  6.14122E-02
  6.28845E-02
  6.43568E-02
  6.58292E-02
  6.73015E-02
  6.87738E-02
  7.02461E-02
  7.17184E-02
  7.31908E-02
  7.46631E-02
  7.61354E-02
  7.76077E-02
  7.90800E-02
  8.05524E-02
  8.20247E-02
  8.34970E-02
  8.49693E-02
  8.64416E-02
  8.79140E-02
  8.93863E-02
  9.08586E-02
  9.23309E-02
  9.38032E-02
  9.52756E-02
  9.67479E-02
  9.82202E-02
  9.96925E-02
  1.01165E-01
  1.02637E-01
  1.04109E-01
  1.05582E-01
  1.07054E-01
  1.08526E-01
  1.09999E-01
  1.11471E-01
  1.12943E-01
  1.14416E-01
  1.15888E-01
  1.17360E-01
  1.18833E-01
  1.20305E-01
  1.21777E-01
  1.23250E-01
  1.24722E-01
  1.26194E-01
  1.27667E-01
  1.29139E-01
  1.30611E-01
  1.32084E-01
  1.33556E-01
  1.35028E-01
  1.36501E-01
  1.37973E-01
  1.39445E-01
  1.40917E-01
  1.42390E-01
  1.43862E-01
  1.45334E-01
  1.46807E-01
  1.48279E-01
  1.49751E-01
  1.51224E-01
  1.52696E-01
  1.54168E-01
  1.55641E-01
  1.57113E-01
  1.58585E-01
  1.60058E-01
  1.61530E-01
  1.63002E-01
  1.64545E-01
  1.66227E-01
  1.68049E-01
  1.70011E-01
  1.72112E-01
  1.74354E-01
  1.76735E-01
  1.79257E-01
  1.81918E-01
  1.84719E-01
  1.87660E-01
  1.90741E-01
  1.93962E-01
  1.97322E-01
  2.00823E-01
  2.04463E-01
  2.08243E-01
  2.12163E-01
  2.16223E-01
  2.20423E-01
  2.24762E-01
  2.29242E-01
  2.33861E-01
  2.38621E-01
  2.43520E-01
  2.48559E-01
  2.53738E-01
  2.59056E-01
  2.64515E-01
  2.70114E-01
  2.75852E-01
  2.81730E-01
  2.87748E-01
  2.93906E-01
  3.00204E-01
  3.06642E-01
  3.13219E-01
  3.19937E-01
  3.26794E-01
  3.33791E-01
  3.40929E-01
  3.48205E-01
  3.55622E-01
  3.63179E-01
  3.70876E-01
  3.78712E-01
  3.86688E-01
  3.94804E-01
  4.03060E-01
  4.11456E-01
  4.19992E-01
  4.28668E-01
  4.37483E-01
  4.46439E-01
  4.55534E-01
  4.64769E-01
  4.74144E-01
  4.83659E-01
  4.93314E-01
  5.03108E-01
  5.13043E-01
  5.23117E-01
  5.33331E-01
  5.43685E-01
  5.54179E-01
  5.64813E-01
  5.75587E-01
  5.86501E-01
  5.97554E-01
  6.08747E-01
  6.20080E-01
  6.31554E-01
  6.43166E-01
  6.54919E-01
  6.66812E-01
  6.78844E-01
  6.91017E-01
  7.03329E-01
  7.15781E-01
  7.28373E-01
  7.41105E-01
  7.53977E-01
  7.66989E-01
  7.80140E-01
  7.93432E-01
  8.06863E-01
  8.20434E-01
  8.34145E-01
  8.47996E-01
  8.61986E-01
  8.76117E-01
  8.90387E-01
  9.04798E-01
  9.19348E-01
  9.34038E-01
  9.48868E-01
  9.63838E-01
  9.78948E-01
  9.94197E-01
  1.00959E+00
  1.02512E+00
  1.04078E+00
  1.05659E+00
  1.07254E+00
  1.08863E+00
  1.10486E+00
  1.12123E+00
  1.13774E+00
  1.15439E+00
  1.17117E+00
  1.18810E+00
  1.20517E+00
  1.22238E+00
  1.23972E+00
  1.25721E+00
  1.27484E+00
  1.29261E+00
  1.31051E+00
  1.32856E+00
  1.34675E+00
  1.36507E+00
  1.38354E+00
  1.40215E+00
  1.42089E+00
  1.43978E+00
  1.45881E+00
  1.47797E+00
  1.49728E+00
  1.51672E+00
  1.53631E+00
  1.55603E+00
  1.57590E+00
  1.59591E+00
  1.61605E+00
  1.63633E+00
  1.65676E+00
  1.67732E+00
  1.69803E+00
  1.71887E+00
  1.73986E+00
  1.76098E+00
  1.78225E+00
  1.80365E+00
  1.82519E+00
  1.84688E+00
  1.86870E+00
  1.89066E+00
  1.91277E+00
  1.93501E+00
  1.95739E+00
  1.97992E+00
  2.00258E+00
  2.02538E+00
  2.04832E+00
  2.07141E+00
  2.09463E+00
  2.11799E+00
  2.14149E+00
  2.16513E+00
  2.18892E+00
  2.21284E+00
  2.23676E+00
  2.26068E+00
  2.28460E+00
  2.30852E+00
  2.33244E+00
  2.35637E+00
  2.38029E+00
  2.40421E+00
  2.42813E+00
  2.45205E+00
  2.47597E+00
  2.49990E+00
  2.52382E+00
  2.54774E+00
  2.57166E+00
  2.59558E+00
  2.61950E+00
  2.64342E+00
  2.66735E+00
  2.69127E+00
  2.71519E+00
  2.73911E+00
  2.76303E+00
  2.78695E+00
  2.81087E+00
  2.83480E+00
  2.85872E+00
  2.88264E+00
  2.90656E+00
  2.93048E+00
  2.95440E+00
  2.97833E+00
  3.00225E+00
  3.02617E+00
  3.05009E+00
  3.07401E+00
  3.09793E+00
  3.12185E+00
  3.14578E+00
  3.16970E+00
  3.19362E+00
  3.21754E+00
  3.24146E+00
  3.26538E+00
  3.28931E+00
  3.31323E+00
  3.33715E+00
  3.36107E+00
