  1  0.  0.
  2 -1.8080678 -0.255607486  0. -0.282313287
  3  0.217074931  0.336718202  0.652431548  0. -0.0327314027  0.898069263
  4  0.808141947 -0.2592825 -0.601028621 -0.351915121  0.  0.0580932535
  -0.247591659 -0.101821244
  5 -0.327032924 -0.113936722  0.0194356143  0.605243862  0.0869689658  0.
  -0.447897762 -0.477973282  0.0472686701  0.190036908
  6  0.089567326  0.0864748806  0.150256053 -0.0893116072  0.0792574137
   0.222744033  0.  0.439044118  0.291010678 -0.164118797 -0.375934243
  -0.30215013
  7 -0.219942942 -0.0673545375 -0.0361851417 -0.365341008  0.0907171592
   0.071508795 -0.230138704  0. -0.165207863 -0.0281193871 -0.0024572874
   0.135959908  0.191584975  0.103184268
  8  0.260949969  0.292881727 -0.148352161  0.151215389 -0.00570760248
   0.0940173492  0.218952984  0.241410047  0. -0.1249035  0.126813442
   0.131405652  0.0322208926  0.0717718974 -0.217415646 -0.22162959
  9 -0.0412078165 -0.588559508  0.119410127  0.22037679 -0.140317306
  -0.112061933 -0.158969998 -0.316893399 -0.160810262  0. -0.0854912847
  -0.334239274 -0.138018817 -0.161267534 -0.0354845077  0.318182141 
  0.292327762
  -0.0589891709
  10 -0.259706289  0.427789718  0.341186285 -0.193794623 -0.0447406024
   0.0865518898  0.0774152875  0.0481454842  0.138303608  0.236642122  0.
   0.126967385  0.282576978  0.18464607  0.00868522469 -0.011038539
   0.0400428548 -0.156879604  0.023999488 -0.13266851
  11  0.38489452  0.0304256193 -0.582780361 -0.1304802  0.227995366 
  0.122826055
 -0.0486208647 -0.0345324725 -0.130452931 -0.28495878 -0.0790964589  0.
   -0.00840883702 -0.116201982 -0.191834509 -0.00846463162 -0.100730903
  -0.239424139  0.0067182323  0.0875151008  0.10122522  0.162121981
  12 -0.203962922 -0.321099669  0.309838206  0.290434033 -0.0920212939
  -0.205205172 -0.0499778911  0.00973934121  0.0299127009  0.0692936331
   0.158990636  0.089252606  0. -0.0700594187 -0.0526689664  0.0355693921
   0.0787125528  0.168118656  0.161984101  0.104159772 -0.0669413581
  -0.0363051407 -0.24668476 -0.195723131
  13  0.0864128619  0.432679236  0.0575816445 -0.260601521 -0.259486854
   0.0434036031  0.14912425  0.0114402268 -0.0169294979  0.126998469
  -0.220612898 -0.257985413 -0.290176392  0.  0.0378235914 -0.0731463209
  -0.0279255696 -0.0940751806 -0.108537324 -0.0516231023 -0.113867559
  -0.0691201836  0.00440728152  0.216325879  0.14465788  0.22706072
  14  0.0459420644 -0.30670324 -0.234080508  0.272025317  0.402871817
   0.161254719 -0.0538248606 -0.110869616 -0.0273295883  0.0377526097
   0.124432057  0.245177805  0.180179194 -0.00387377501  0. -0.0213471092
   0.177617386  0.081476815 -0.0891325176 -0.0968221873  0.0233323723
   0.100148313 -0.00849103928  0.0956697538  0.0272319671 -0.211965188
  -0.238077939 -0.0490864702
  15 -0.305033147  0.0312795714  0.299801558 -0.0673831254 -0.201044887
  -0.23424831 -0.0132322889  0.105780177  0.0751244426  0.0443643443
   0.134423822 -0.0846237168 -0.164953336 -0.231524527 -0.178787023  0.
   0.04783649 -0.0248204377 -0.127086103  0.138521269  0.140641585 
-0.0148715228
  -0.0463112183  0.0122286743  0.0233579967 -0.011817961  0.260708749
   0.0712694451  0.0203260593  0.0336338207
  16  0.388477594  0.138879195 -0.277232409 -0.209595874  0.0299711525
   0.186545238  0.0413996689  0.0172031783 -0.100889035 -0.125566617
  -0.130936101 -0.0683917627  0.0625154376  0.24854739  0.161962852
   0.0597523861  0. -0.171892121 -0.136189595  0.0989181399  0.0524050184
  -0.0514537245 -0.0712679997  0.0596478991  0.0682890564  0.0113225915
   0.0577703901  0.0735914558  0.0125075197 -0.0574322157 -0.0912653059
   0.000820746878
  17 -0.16014424 -0.356802106  0.153601497  0.400301397 -0.00258311233
  -0.131016523 -0.110948145 -0.121930234  0.0130781336  0.0315410718
   0.0852092281  0.0965034664  0.0392094031  0.0247308146 -0.182186306
  -0.0859679729 -0.0560616814  0.  0.0727954805  0.0716242194 -0.0014790725
  -0.174570784  0.0699524432  0.190247282 -0.0485907383 -0.16334565 
-0.126215577
  -0.188318118 -0.207845941  0.0376709588  0.0238030981  0.00160386448
  -0.000462187425 -0.17779544
  18 -0.192628026  0.46025452  0.101717472 -0.328855932 -0.11004357 
0.132724032
   0.21562393 -0.0372461826 -0.00434634509 -0.0220468007 -0.0282161459
  -0.0554811209 -0.0352532193 -0.0574043728  0.17795068  0.0902873203
   0.137390628  0.0714707822  0.  0.098264806 -0.016118871 -0.145155519
   0.0487497747 -0.05743476 -0.211576343 -0.1309205  0.102317467  0.109335616
   0.169164851  0.111059181 -0.0331132039  0.00605797954 -0.0291864928
  -0.04778805  0.0393718295  0.0199416447
  19  0.30914849 -0.363564879 -0.383961588  0.081945993  0.235118568
   0.0132251615 -0.101389743  0.0931225941 -0.0300889015  0.0286579374
   0.0322193019  0.117509983  0.173244849  0.0879730731  0.0281429961
  -0.0456192791 -0.0288832616  0.00672959909 -0.10486722  0. -0.197098717
   0.0196342096  0.0927435458  0.110252969 -0.019309964  0.0612157136
   0.249534875  0.101777218  0.0169849582 -0.114119291 -0.0826416537
  -0.114987545  0.0405266061  0.071114637  0.0935216546  0.0324389674
  -0.0773484707 -0.118924633
  20 -0.210700408 -0.0398488827  0.479126871  0.133176506 -0.232367977
  -0.196695715  0.0124221025  0.130286992  0.011177239 -0.0460353494
  -0.0829038396 -0.223512068 -0.200446725 -0.0644728094 -0.028947508
   0.0686187446 -0.0557171814  0.0190326348  0.100189991 -0.0768911168  0.
  -0.0133589786 -0.02819678  0.0385988019 -0.1130661  0.0476514772 
0.0273618549
  -0.227407247 -0.235087439 -0.16769655 -0.00262904493  0.163625166  0.15417394
  -0.0973919779  0.0171030033 -0.0535971448 -0.251066655 -0.0143270828
   0.0835833922  0.118153311
  21  0.251431882  0.304733425 -0.333036423 -0.282709479  0.12417376
   0.139589429 -0.0364395641 -0.117479645  0.113495953  0.0288060624
   0.0688337386  0.17864877  0.161754519  0.0910860971  0.0199336503
   0.0326076634  0.0960116386  0.03310946  0.0201299526  0.0356003493
  -0.0441683382  0.  0.0746919364 -0.0990228951 -0.0713805705 -0.0675600767
  -0.019831134  0.0444362126  0.0517925732  0.169093609  0.121795684
   0.103961006 -0.148372978 -0.010242885 -0.0137425605 -0.0250445548
   0.0397207774  0.097683616  0.114347175 -0.00672285398  0.00300985156
  -0.00501215551
  22 -0.14509955 -0.280660599  0.0649425536  0.304167271  0.0793560371
  -0.000154018519  9.39466117E-05  0.0471800491 -0.0718325078 -0.0310776792
   0.0671419948  0.0281667504 -0.0962744281 -0.167647913 -0.0400805101
  -0.035260886  0.0570955947  0.0392608717 -0.0192327779 -0.0532874726
  -0.0471432842 -0.0258398429  0.  0.0278199408  0.0880898833  0.018406827
   0.0766806304 -0.054220546 -0.0420265123  0.0804000199 -0.0181527175
  -0.0428756662 -0.14354746 -0.0648654029  0.00698808255  0.118338205
   0.0656984299  0.170487091  0.0972625613 -0.154284105 -0.111814432
  -0.0862467736  0.108025938  0.185834497
  23 -0.011293062  0.242400706  0.125239402 -0.222691551 -0.183193684
   0.0107785985  0.0356817693 -0.029225383 -0.0446744449  0.0811779499
  -0.0650665089 -0.0805651918  0.0463500507  0.0983723998  0.0645362735
  -0.0756178051 -0.177777484 -0.0193924885  0.0193748046  0.063152954
   0.0823422521  0.00570544275  0.0944526941  0. -0.0766552165 -0.0451837331
  -0.0392108895  0.0214655735  0.0226726476 -0.0651464835 -0.0578168966
  -0.00836135168  0.0875075161  0.150567323  0.179797679 -0.0559929907
  -0.133298472 -0.0530642159 -0.159647629 -0.057951171  0.0400343277
   0.0583422892  0.107551813 -0.0723624676 -0.0760264993 -0.0182996467
  24  0.131315008 -0.253648758 -0.191977322  0.148621559  0.120870508
  -0.0616178773 -0.0272642002  0.0307406429  0.102356538 -0.0668322742
  -0.12436191  0.0516366512  0.0493958667 -0.0647643656 -0.115841858
   0.091346547  0.128037184  0.0969414264  0.0769758672 -0.0853836834
  -0.0158687755 -0.103023484 -0.0537210703  0.0361324959  0. -0.035982918
  -0.0489591546  0.0684218258  0.0614087805  0.0641392395  0.0991468132
   0.0223908648 -0.00713660754 -0.0850427002  0.00436398759 -0.10755042
   0.092142798  0.0547892302  0.0182338692  0.00700072525  0.0354214795
   0.0833509862 -0.0150810583 -0.0665741861 -0.0830714554  0.0137520721
   0.162448868  0.0597612076
  25 -0.0818293616  0.103378311  0.104760885 -0.0233986247 -0.0780364946
  -0.0352550335 -0.0199939515 -0.0628868341 -0.0406630449  0.0504075848
   0.122037157 -0.0364344046 -0.0961403921  0.0364265703  0.104696192
   0.00559533574 -0.0819171146 -0.152786076 -0.102343097 -0.0723866448
  -0.00874123536  0.0434925891  0.0470926464  0.0619466715  0.101860873  0.
   0.0938005671  0.0288510714 -0.117731646 -0.145535395 -0.0497521199
  -0.0243534967 -0.0261883065  0.00531648332  0.0455445498 -0.0927908719
   0.00888961367  0.0450299159 -0.0473017655 -0.0487389304  0.0538645834
  -0.076768212 -0.105581895 -0.0606209338  0.0217595026  0.112223633
  -0.0154956654 -0.193019792 -0.086433284 -0.0085090762
  26  0.0519179106  0.0325171798 -0.0671909824 -0.0681466907  0.146606579
   0.0929622427 -0.0137914615  0.00864848401 -0.0142209167 -0.00183604099
   0.00736706192  0.00681717694 -0.0181845091 -0.0497901216 -0.0853432715
  -0.150530815  0.0567033365  0.151979759  0.0376060642  0.0720233321
  -0.0911200047 -0.0747475475  0.00562066073 -0.0886681974 -0.046388831
  -0.0327018723  0. -0.0250544604 -0.0064767655 -0.0103179002 -0.017323235
   0.0156371444 -0.00356342923  0.0757257938  0.072514534  0.00593494205
  -0.0274773557  0.0581881255 -0.0581596009 -0.0183953773  0.0486066528
   0.0208379719  0.101081952  0.0714452937  0.0577344485  0.00882645324
  -0.108818151 -0.0346029215  0.0779145956  0.108002216 -0.0133634061
  -0.0750602111
  27 -0.0265661124  0.00128226425  0.102066047  0.035307873 -0.119155034
  -0.0341615751 -0.0020469022 -0.00896663498 -0.0673438609 -0.124817312
  -0.0551274382  0.115425989  0.0403368883 -0.00843865052  0.0471447818
   0.151234105  0.00845893007 -0.0300113671  0.00914026331 -0.0418429747
  -0.0203907508 -0.0112896301  0.0334794298  0.0674637556  0.100044578
   0.136608511  0.00117340032  0. -0.043212492  0.0409824066  0.058161214
   0.035390567 -0.0160407294 -0.00164937228 -0.0590432733 -0.127830729
  -0.0320431329  0.103978902 -0.0496071205  0.00196298584  0.00436489703
  -0.0152180241 -0.115794621 -0.033069998 -0.00119917805 -0.0486579388
  -0.0473502129 -0.0901221409 -0.000119538236  0.00542253954 -0.0541921258
   0.0179804713 -0.00734059606 -0.0466090776
  28  0.0719799027 -0.00509858551 -0.101875238 -0.0131972749 -0.015163688
   0.0382053629  0.0362781696  0.0306499731  0.099231638  0.0355072357
  -0.0710422918 -0.0910384133  0.0734503046  0.0874306187 -0.0150992898
  -0.0715586767 -0.117779367 -0.0974896848 -0.0146880206 -0.0198240802
   0.0470739305 -0.0190267321 -0.0481348746 -0.0078828577 -0.114810117
  -0.106117107 -0.0337510891 -0.0167579632  0.  0.05039097 -0.0960895717
  -0.0189247876  0.0226142202 -0.0187903605 -0.0373069309  0.00789858215
   0.0709843785  0.0533372387 -0.0458167978 -0.053172674  0.016099941
   0.0566166416  0.0268714577  0.0440237969  0.0310612135  0.0722935647
   0.0269433856  0.132070497  0.105200768 -0.100503102 -0.110680588
  -0.0308210533  0.118212245  0.0639462769 -0.0406894758 -0.0855829269
  29 -0.0449755117  0.0255624354  0.0617791116  0.0727450922  0.0367211513
  -0.0681110919  0.026972523  0.0361858793 -0.0129903937  0.0445179455
   0.0653258413 -0.0318920948 -0.0555938929 -0.06332881 -0.0457537398
   0.0852901042  0.139082074  0.053443417  0.0173760839  0.0752276033
   0.0398380645  0.0619343296  0.098435849  0.00799800549  0.04776375
   0.0604811795  0.0715538859 -0.0202728324 -0.0310778916  0. -0.00553764263
   0.00267032837 -0.0381233469 -0.0184363723 -0.0252251308  0.00460695243
   0.00693739485  0.00843971409 -0.0722020119 -0.0297145322  0.10049773
  -0.0142396539 -0.0432377905 -0.0318003781 -0.0144555485 -0.0426521748
  -0.107074782 -0.0168685392 -0.0645817369 -0.0690010563  0.0135906041
   0.0368042774  0.0339408964 -0.0460837856 -0.0375043713  0.145741224
   0.069073163  5.77684696E-05
  30 -0.00856501795 -0.0337750614 -0.00586517761 -0.0475324132  0.058891423
   0.0462004431 -0.0798590556 -0.0822784528 -0.0536525063  0.0235895682
   0.0719232187  0.0146674188 -0.105831265  0.0115225166  0.0442494117
  -0.052247759 -0.097464852 -0.0127521725 -0.00576721597 -0.0897595733
  -0.0930590183 -0.0506681837  0.00304924161 -0.00970452745  0.0852076262
  -0.0617697462 -0.0510063991  0.0190993045 -0.0253987852  0.00208917516  0.
  -0.00435622782  0.143003345  0.000488481775 -0.0269906428  0.0409581736
   0.00817713421 -0.00606181799 -0.000456546142  0.0798650384  0.0728309974
  -0.02827828 -0.0306430571  0.00861802883  0.0766642243  0.0227929614
  -0.00558367558  0.0215759594  0.0489936136 -0.032389421  0.0313136242
   0.110882431 -0.0026958154 -0.0591298901 -0.0287404805 -0.0277422573
  -0.00390717154 -0.014123329 -0.0543518104 -0.015366449
  31 -0.0369552001 -0.0170079954  0.00671792403 -0.014095786 -0.0281533655
  -0.0128933005 -0.036821615  0.0305367932  0.0810941756 -0.0607827902
  -0.086173214  0.000974970346  0.0686074272  0.000649828464 -0.00949169509
  -0.0015878086  0.0777138397  0.0633230656 -0.00311041414  0.0331058539
   0.157209918  0.0143263079  0.0541251339  0.0514194779 -0.0163618661
   0.0646666437 -0.0124085117  0.00970179681 -0.0156473052 -0.0297876392
   0.0620291531  0.  0.0065604425 -0.054638546  0.0323169865  0.0174349118
  -0.00169973425 -0.0155287143 -0.017472934 -0.0309053063 -0.039150998
  -0.0505393855 -0.0238506254  0.0559857935  0.00161801092 -0.0848100185
  -0.0678232089  0.0379935987  0.0392559171 -0.0732550994 -0.0182569474
  -0.0257237554 -0.0114211058  0.0713755265  0.123204499  0.0929251164
   0.0695776567 -0.0466515645 -0.0115738511  0.0695776641  0.058371041
  -0.00204721349
  32  0.103859715  0.0338655524 -0.0540111586  0.00550060812 -0.0409760661
   0.0592862926  0.153160304  0.00204381952 -0.0551973432 -0.0294291321
  -0.0146496464  0.0372787341  0.0662922412 -0.00743864756 -0.00709965266
   0.0390666276 -0.102572002 -0.124901943 -0.0320102908  0.00299599115
  -0.0683071464 -0.0296127442 -0.0540824905 -0.0456353426 -0.0697030202
   0.00291669136  0.0629232973  0.0482789166  0.0132658212  0.0240561906
  -0.0288021453 -0.0135307806  0. -0.065858379 -0.113572791  0.0227866322
  -0.0145506877 -0.0527444854 -0.00631199544 -0.0137636308 -0.0244295429
  -0.00552074704  0.0200480446  0.025104031  0.0128560383 -0.00392288156
  -0.00773477275  0.0613066889  0.0328382254  0.00792284217  0.0481092855
   0.0415126085 -0.0276845358 -0.0426734872 -0.0405019522 -0.0453175418
  -0.0429989658 -0.017585244  0.0464306772  0.0136169363 -0.0581289269
  -0.127260268 -0.041558817  0.0234021991
  33 -0.0194527563 -0.0011540883  0.0197947882  0.0338916667  0.0403507017
  -0.0349174924 -0.0729461908 -0.0464440398 -0.00800319482  0.0982645154
   0.0478008613 -0.0486704297 -0.0695522651 -0.0498363972 -0.0628491789
  -0.0803781301  0.0290851425  0.1500884  0.073998265  0.00220581889
   0.00548546901  0.101304494  0.0278919078  0.011314244  0.0783868879
  -0.0176797844 -0.0195993911 -0.030741686  0.0293386709  0.0252114665
  -0.0664770827  0.0646701828  0.0264032707  0.  0.0357376561  0.105799481
  -0.0886290744 -0.00927815307  0.0488765687  0.0412756726  0.0407139622
   0.0280747116  0.000231255399 -0.0411351956 -0.0268227775  0.00337999151
   0.0454679169  0.0371357873 -0.034033455 -0.0764564276 -0.0671515688
  -0.00688162306 -0.0436480939  0.0107568493 -0.0075840354  0.0428251922
   0.0427909903  0.0213391148  0.0015553456  0.0522899069  0.00870483089
   0.0285932682  0.0561398901  0.00781230954  0.00444481196  0.037077833
  34 -0.0267076977 -0.00625137053 -0.0063386145 -0.0355247557  0.0544675514
  -0.0388953015 -0.0131080337  0.0887624621  0.00618354045 -0.0247406736
  -0.0149144214 -0.0405157097 -0.0148143377  0.0600314289  0.0858650133
   0.0807658136  0.107278995 -0.0495543852 -0.13501218 -0.0357644744
   0.0630167201 -0.0564289987  0.0231798906 -0.0643778667 -0.0289139058
  -0.0270555168 -0.0336024612  0.0556610972 -0.0125449235  0.0445618033
   0.0832834169 -0.0160226766 -0.0200218707 -0.00887914002  0.  0.0512949452
   0.00867120083  0.0280816499  0.0514544882 -0.027899405 -0.0821461678
  -0.0134665044 -0.00364306988 -0.013719202 -0.000567734067  0.00999094453
  -0.031520851 -0.0568190888 -0.00471680798  0.0178485792  0.00551739056
   0.0133655984  0.0111616896  0.0169579089  0.0507530235  0.0334848687
   0.0287152305  0.014821793 -0.0297450144 -0.0509599112 -0.0326732323
   0.0664140284  0.0455113538 -0.00716425013 -0.0426746979 -0.0266680438
  -0.0595620461  0.0132606467
  35 -0.0273527447 -0.0067888326  0.0760046467 -0.00878941733 -0.0731945038
   0.052231539  0.0128531717 -0.0278403312  0.0115086697 -0.0422420837
  -0.0199662186  0.0665102601  0.0549375527 -0.0073917089 -0.033356417
  -0.0799872056 -0.184415236 -0.049704168  0.105713606  0.0845590532
  -0.00188155542 -0.0316407122  0.0032816832  0.0117989434 -0.0597221926
   0.00873611867  0.0116184643 -0.0185676944 -0.0108456286 -0.0120009352
  -0.0276686326  0.010566351  0.0103152208 -0.0170623735 -0.0652561188  0.
  -0.0871602222 -0.0240834597  0.0854277089 -0.0984220132 -0.0595627166
   0.0511151589  0.00195219286 -0.0285669528  0.0141231129  0.0439805798
  -0.0306856986 -2.5854888E-05  0.0277443286  0.0292894784  0.0211879909
   0.00317469425  0.0376838073  0.00481569581 -0.0313375033 -0.0688753575
  -0.022090137 -0.0397010073 -0.00385995628  0.0589030907  0.00700312201
  -0.0320779793 -0.0481707044 -0.00642202236  0.0155874975  0.00668050814
  -0.0200426728  0.00882416964 -0.00754261762  0.0706373379
  36  0.112185597  0.0491263047 -0.0971118063 -0.0252945665 -0.0161354207
   0.0499726981  0.0307905022  0.00700393924  0.0423919782 -0.0209199935
  -0.00128419686  0.0558942221  0.0048232507 -0.0670705065 -0.00338956085
   0.0590044111  0.0912127867  0.124756373 -0.000672589231 -0.0724293143
  -0.0692163631  0.0375383496  0.0142986169  0.0718655661  0.0339299068
  -0.00944545399  0.0615543872 -0.0287765712 -0.00924460869 -0.0127969533
   0.0118371639  0.0422531404  0.0287084896  0.0518539548 -0.0162781794
  -0.0624387041  0.  0.0118251806 -0.039165996 -0.0615943521  0.0748441741
   0.109263308 -0.0089704264 -0.0671527237  0.0114948833  0.00438032486
  -0.0439213291 -0.00409882562  0.0494119227 -0.00348507892 -0.0607606843
  -0.0161045734  0.0130736893 -0.042078279 -0.0122987907  0.0174217094
  -0.00180884264  0.000958984892  0.0210552718  0.00480304752 -0.0246868022
   0.00950276293  0.0242789909  0.00910450052  0.040497832  0.00435109111
   0.0308643617  0.0180201996 -0.0292450618 -0.0149603505 -0.0909246653
   0.0221530534
  37 -0.0624507368 -0.110650919  0.0199665185  0.138038874  0.0710225627
  -0.0837797225  0.000439236668 -0.0355103165 -0.0534774624  0.0615402423
   0.0209931117 -0.147206679 -0.0914306566  0.0324139297  0.0384040847
   0.0190092772  0.0490316302 -0.123686306 -0.101702549  0.0264848787
   0.0716132745  0.0393330567  0.00359262084 -0.0490382314 -0.00373059767
  -0.0257697646 -0.018517958  0.0142740207 -0.00602698326  0.0324397981
   0.0352992155 -0.0135325389 -0.0343038701 -0.00794704817  0.0439346842
  -0.0577579662 -0.103495061  0.  0.0523929074 -0.0281818006 -0.00256059947
   0.0493329167 -0.0628042966 -0.0337835997  0.0765047744  0.0368868858
  -0.027888108  0.0120918751  0.0619753897 -0.0567658097 -0.0570568256
   0.0305834338  0.0435847417  0.00324369874 -0.000585896429  0.0486228615
   0.0075313272  0.0152886361 -0.0153263155  0.0156030841 -0.000425829523
  -0.00672363816  0.0257882811  0.0204483029  0.00826111063 -0.0586416833
  -0.0106326109 -0.0612885952  0.0234239325  0.0287370645  0.0102178147
   0.0214529615 -0.0130691836  0.0141850403
  38 -0.02516363  0.129446194  0.0205328781 -0.126955777 -0.0410446189
  -0.00407451158 -0.0226279292  0.0573176332  0.0466064066  0.00936095137
  -0.0499970727  0.0230379291  0.129659981  0.0723357201 -0.0695567429
  -0.0464968756 -0.0106708147  0.0724056959  0.117085189  0.0658469722
  -0.02382081 -0.082462281 -0.0299424119 -0.0256850719  0.00354982377
   0.0260865539 -0.028550867  0.0542369634 -0.0283535458 -0.032929074
  -0.0156789459  0.0225156564  0.0232830234 -0.032193359 -0.0532489158
   0.0611448102  0.0702866688 -0.0417735651  0. -0.0145478705  0.0580758043
  -0.0228882171 -0.0808060393  0.0324274227  0.0560100898 -0.0372714475
  -0.0772748664  0.0217331462  0.0104993349 -0.04145227 -0.0362264961
   0.0610732175  0.0234353561 -0.0409092829 -0.0159358587  0.0225255694
  -0.04688197 -0.00488436129  0.050255429  0.0341452695  0.00679184543
  -0.00890888087  0.0127705354 -0.0402416997 -0.0384186059  0.0364881419
   0.0391398072  0.0594189614  0.0340019651  0.0341147557 -0.0317057744
   0.00785471965 -0.00875027478 -0.0291683394  0.00126446679 -0.0168953687
  39  0.0985675156 -0.0857472494 -0.0579199754  0.00152830931  0.0266498215
   0.0654992089  0.0130387498 -0.000615872443 -0.0334343053 -0.0391728617
   0.0797283575  0.108667895 -0.107399374 -0.137439683 -0.0173873994
  -0.00958430674 -0.0307012945  0.00430102088 -0.0838487446 -0.0842881799
  -0.00343273859  0.0578933284  0.0585757568  0.0457442664 -0.00965559669
  -0.00999440905  0.0100765163 -0.0292088855 -0.0206718352 -0.0278877318
   0.00615606131  0.0443469584 -0.00334529812  0.0274819955  0.0488101728
  -0.00808862131 -0.0313812643  0.00870283414  0.0150994295  0. -0.0325951502
   0.0187553018 -0.000403539278  0.00742682721 -0.0103917494 -0.0449030399
  -0.0136500597  0.0359977707 -0.00766154053 -0.0708904937  0.000252666709
   0.0884695649 -0.0130082406 -0.0461652502 -0.0236463826  0.0305830371
   1.35268619E-05  0.00929602236  0.056247618 -0.045954749 -0.0477411263
  -0.0053791278  0.00814743806 -0.0156653132 -0.0250908248 -0.008211256
   0.00462568784  0.0443568826 -0.0894951746 -0.0418552347 -0.0368926451
   0.0227416921  0.00601508701  0.0104738148  0.0166865997 -0.0634648129
   0.0229653344 -0.0356629789
  40 -0.080564253  0.0547316633  0.102292046  0.0259859581 -0.0234369058
  -0.0110525107 -0.00867943373 -0.0437670499  0.0350607708  0.0337098427
  -0.0284350328 -0.093834877 -0.0120193856  0.126247838  0.119271681
   0.0153625291  0.0184054691 -0.014014787  0.0344739407  0.0446250513
   0.0369400606  0.00675439881 -0.0643149018 -0.045348078 -0.00310446066
  -0.0308463518  0.0336122923 -0.0104588848  0.049474813 -0.0072769355
  -0.0612460636 -0.0661127046  0.00292208488 -0.0057456959 -0.040537294
  -0.0246953908  0.00265696761 -0.0355199166  0.0115364166 -0.013545732  0.
   0.00018412873 -0.0367477909  0.0359897949  0.00751970196 -0.0033663779
   0.0544165745  0.0477567352  0.00511763711 -0.0199890137  0.063546367
   0.0164964236 -0.0158274937 -0.0372785255  0.02785776  0.0317107774
  -0.0440265089 -0.0195018239  0.00695916638 -0.0669327751 -0.0144128101
   0.0459110327  0.0483936518  0.0346278995  0.0525685176  0.0548464172
   0.0115313288 -0.0219848435  0.0092535615  0.0426833257  0.0506611392
   0.0408040956  0.00282551954 -0.000767929596 -0.0481927432  0.00610034307
   0.0380263366 -0.0183038488  0.0578668825 -0.0169991441
  41  0.0383484848  0.00843319669 -0.0785971731  0.00693826796  0.0125146974
  -0.0566114672  0.0225258991  0.0416360758 -0.0215833634 -0.0347193964
  -0.0469733514  0.0687984154  0.109975271 -0.0711412951 -0.118932106
  -0.0267209522 -0.0119828731 -0.00377862668  0.0126415202 -0.0289189741
  -0.0519727804 -0.014598744  0.0123470565  0.0139515055  0.00814654678
   0.0103453407 -0.010216577  0.000649328751 -0.0377223529 -0.0327564292
   0.00780462567  0.0162756164  0.0181807373 -0.0411055498  0.0407020301
   0.022030415  0.0563940555  0.0439614207 -0.00666477205  0.0526126921
   0.0778744742  0.  0.0293923113 -0.012106332 -0.00215000613  0.0049517611
   0.00665944535 -0.0399584807 -0.0174066536 -0.0032972605  0.0447206758
  -0.00491333287 -0.0682080984 -0.0576431602  0.0292866491 -0.0142613873
   0.00956257712 -0.000639204169  0.00430632569 -0.0161207244  0.0269202832
   0.0826354325 -0.00363546959 -0.0710170865 -0.0605508834 -0.0309159961
  -0.0276881419 -0.0565078817 -0.00981739163 -0.0176919755  0.0217032041
  -0.0867672861 -0.0584709011 -0.0411748253 -0.00959104206  0.015120347
  -0.0153364567 -0.0243350361 -0.0192924514 -0.0584916472 -0.0290174242
  -0.035588
  42 -0.0353659354 -0.0453832485  0.0437944196 -0.0156748015 -0.0430519842
   0.0373509079  0.00850028638  0.00305831619  0.0164634641  0.0569179319
   0.0460166484 -0.0377755128 -0.0859927014  0.00825341977  0.0850495324
   0.055938147  0.0143282609  0.0210092757 -0.0134844892  0.0524252653
   0.0312384684  0.00952950306  0.0179125927 -0.043415986 -0.020025285
   0.00158972957 -0.0338831358  0.0137620708  0.0195499938  0.0262249503
   0.0257367734 -0.00995099824 -0.0499600619 -0.000198319554 -0.0361026265
  -0.0205431134 -0.00440234644 -0.0231662747  0.00255793985 -0.0178298745
   0.00311146444  0.0153950276  0.  0.00609483011  0.00291668251 -0.0626630411
   0.00177789095  0.00496294955 -0.0281018466  0.00559847988  0.00949174538
  -0.0459659249 -0.035016723  0.0688789636  0.039721746  0.00371944602
   0.0107082175  0.0030900659  0.0144250505  0.0134954359  0.017055871
   0.00215459382 -0.0678987652 -0.0123934913  0.0457077101  0.057890553
   0.0288865343  0.0134124383  0.0271318126  0.037078023  0.0142516093
  -0.000353954325 -0.0118560111  0.00822948851  0.020678347  0.0278135687
   0.00267655565 -0.0199615788  0.0109354695  0.00961070973  0.0312597677
   0.0392154604  0.0225156751 -0.0197871961
  43  0.0594565161  0.0590360984 -0.0463700704  0.00541054085  0.089307718
   0.0117075872 -0.0673507228 -0.007889851  0.0210843682 -0.0335848145
  -0.0087696407 -0.0302829593  0.0241545066  0.055524312 -0.0325129777
  -0.051967416 -0.0447131656 -0.0475048199 -0.0132191544 -0.0256872475
  -0.026957063 -0.030227894  0.018015217  0.0511929207  0.00248347688
  -0.0164565593 -0.00137832959 -0.0163882207  0.0198742542 -0.0294812191
  -0.0337193646  0.0297150109  0.0203972049  0.00795614719 -0.0103693297
  -0.0163198039 -0.0117209405  0.0141164782  0.0618910566  0.0253491048
   0.0451942086  0.0222017653  0.00943497103  0. -0.0405001305  0.00684493594
   0.0413417369  0.00731304148 -0.0130429398  0.0250772126 -0.000253625272
   0.0163173638  0.0266936794  0.0535948351  0.00317438203  0.00080518896
  -0.0376731977 -0.0245852508 -0.0540770441 -0.00685240468 -0.0111845061
  -0.0018917789 -0.0422627106  0.00279073254  0.0574817583  0.00236547738
  -0.0519566908 -0.0308860708 -0.0219696332 -0.00234358665 -0.0537530109
  -0.0394030586 -0.0275393613  0.0434302278 -0.00591602642 -0.0318445191
  -0.0395805463 -0.0257057082  0.0134659326 -0.0186614078  0.00413793325
  -0.0324350297 -0.0707283542  0.0131872864  0.0209429245  0.0191027913
  44 -0.0224050563 -0.0711472556  0.030683592  0.0627526194 -0.0672325566
  -0.0471333303  0.0417034775 -0.0374774113 -0.0509120785  0.00250386586
   0.0264729876  0.0485659875 -0.0010349371 -0.0735444799  0.0124842068
   0.0534850471  0.0355126783  0.0240662359  0.027389016 -0.0380752161
   0.028721584  0.0481180325 -0.0264284946 -0.0187583864 -0.0386344418
  -0.0018762548  0.0427280366 -0.00295954756 -0.0127201863 -0.0120442184
  -0.00246659038  0.0408554636  0.0349804424 -0.0191790778 -0.00305088633
   0.0130446721  0.0466025136  0.0296524204 -0.0176383089 -0.0172677226
  -0.057955157  0.0274875946  0.014275793  0.00248947507  0.  0.0318528786
   0.0342905149  0.0105389776 -0.0470621102 -0.00398116093  0.0407195725
  -0.0138830096 -0.0299352128  0.0329777896 -0.0355210453 -0.051539667
  -0.00163571851  0.0283907913  0.00678904774  0.0579236038  0.0207105186
  -0.00622018287 -0.00140062626  0.0366160572  0.0325423665 -0.0230323989
  -0.0129761798  0.0241152328  0.0427045785  0.0548666231  0.0162888728
   0.010448833  0.0290445592  0.0369324759 -0.000909962342 -0.0158063266
  -0.0113556525  0.0149941919  0.020745419 -0.00621565012 -0.010631009
  -0.019525798  0.0413887464  0.0498912483  0.00580691732  0.00377798849
   0.0177599173  0.0113924928
  45 -0.0322772041  0.0683331043  0.00604055403 -0.123840034  0.0240324326
   0.0870416537 -0.00179262704  0.00064437947  0.0334484838  0.0142566338
  -0.0442627817  0.00364194601  0.0023974902  0.0329567194 -0.00760430144
  -0.0152939977  0.00843272544  0.00382984499 -0.0447982289 -0.00130846875
  -0.0108799888 -0.0370608605 -0.026955571  0.00771430228  0.0810873806
   0.0239567198 -0.0447198488 -0.019195931  0.00414118636  0.0115693174
  -0.00899783429 -0.0574091673  0.0137299271  0.0352719687  0.0164220892
   0.00221081707 -0.0577871911 -0.0522770174 -0.0317627788  0.0331205837
   0.030956056 -0.00377756683  0.00799539592 -0.00602393271 -0.0151116373  0.
  -0.00665339548 -0.0280399974 -0.0174550749  0.0331792347  0.00629395898
  -0.0423189588 -0.0100782821 -0.00381274824 -0.0259010829  0.00522347912
   0.0439894497 -0.018250756 -0.0068673701 -0.0262624137 -0.0178861767
  -0.021515958 -0.00024043594  0.00233765435 -0.017521197 -0.0541710146
  -0.0382655747  0.0142807644  0.0116172871 -0.0463668182 -0.0552388206
  -0.0257814396  0.0063805785  0.0119766789 -0.0130484467 -0.0122763999
   0.01398871  0.021477621  0.0231279694 -0.00532161305 -0.0331453308
   0.00306640379 -0.0069599757  0.0113488082 -0.0291516148  0.00115905853
  -0.0317952633  0.0108089726  0.0206612386  0.0302778278
  46  0.0423365794 -0.00432719383 -0.0501352586  0.0573410913  0.0480812117
  -0.080569312 -0.0128959427  0.0766437948 -0.00340655423 -0.0381366462
   0.0106955729 -0.00657150242  0.0214262623  0.030106442 -0.0276621468
   0.00952026993 -0.011434203 -0.00851780642  0.0367518291  0.0478119329
  -0.00864519645 -0.0101660183  0.0255147479 -0.0116113676 -0.0372446738
  -0.0396303758 -0.000912789605  0.031140605  0.0383196548  0.0122007579
   0.0128343916 -0.0115162861 -0.009229552 -0.00245960965 -0.00813896488
  -0.015856158  0.0242444463  0.0473813266  0.0500886701 -0.0131735904
  -0.00831270218 -0.00594716985 -0.0178684201 -0.00452246331  0.00163782341
  -0.0264233593  0. -0.0252744891  0.0127209956 -0.000199795119 -0.0103356699
  -0.00792085938  0.00647904119  0.0277047716 -0.00111285853 -0.0392954983
   0.0486867838  0.0104209529  0.0135859912  0.0125135854  0.0389728919
  -0.0261617322  0.00353917992  0.00784317218 -0.0195539463 -0.00782639626
   0.0280273929  0.024678275  0.00704528345  0.0124602485  0.0219057724
   0.0114061264  0.0161669813  0.0164231043 -0.0263696443 -0.024952447
   0.0290910471  0.0010698291 -0.00887737982 -0.0420542732 -0.00809875689
   0.0383844487  0.0348689333  0.0198156592 -0.03604104  0.00287416135
   0.00470837858 -0.00622419314 -0.012286745 -0.0245633684  0.0148945553
   0.0411444418
  47 -0.0207979474 -0.0445602722  0.0769890919  0.0179601721 -0.107360564
   0.0402050093  0.0521951243 -0.0685646608 -0.0292610582  0.0275690965
   0.0268032998 -0.0311523881 -0.0134248054 -0.013360546  0.0278200395
  -0.0314119756 -0.0131333247  0.0170658659  0.0097818533 -0.0274893828
  -0.00512717292  0.0146476813 -0.00181982247 -0.0194981713 -0.0173837896
   0.0518967398  0.0477585085 -0.0335211717 -0.0389338471 -0.024713451
  -0.0169463716 -0.0016923052 -0.00838491414  0.0168482065  0.0114256758
   0.0140390927  0.00835347641 -0.0138299353 -0.0450359695 -0.0504452549
  -0.0308401808  0.0323785134 -0.00111264165  0.0207240582 -0.0188915357
  -0.0207505506 -0.0152754365  0.  0.020494841 -0.0229782816  0.0122236563
   0.00370379817  0.00611780817 -0.00405974779 -0.0103390692  0.0198845565
   0.049597349 -0.0349274762 -0.024592353  0.0289381258 -0.0108068939
  -0.0238969885 -0.015634872 -0.00544469198 -0.00819358695 -0.00168172538
   0.0208134595  0.00499000354 -0.0249995515 -0.0403808355 -0.00548452185
  -0.000130592525  0.0112384483 -0.0108991051 -0.01265956 -0.0143747097
   0.00997838285 -0.00981028564 -0.027841866  0.00565207284  0.0485696197
   0.0160384569 -0.000212086117 -0.0260812175 -0.0153584993  0.0315948874
   0.00580292288  0.0135527542 -0.0156796742 -0.011466546  0.0198502354
  -0.00558911683 -0.0492394827 -0.0187595747
  48  0.0129838651  0.0154988468 -0.0489460155 -0.031296771  0.0773840621
   0.0451754928 -0.0624095201 -0.0190681983  0.0467254929  0.00851530954
  -0.0454837792  0.000298824074 -0.00700070336  0.00418990338  0.0292100944
   0.0239473786  0.0489061102 -0.00344352471 -0.0394622572  0.012353763
   0.0317700915  0.0153042767 -0.00302703585  0.00321772206 -0.00621294882
  -0.042000588 -0.0397429913 -0.00219449145  0.0249807704  0.0252246875
   0.00547201093  0.0185192525  0.0165153947  0.00216202368  0.00624588504
  -0.0201151688 -0.0314323716 -0.0305306036  0.0105757816  0.0582299754
   0.00347563694 -0.01039623 -0.00762326829 -0.000512889063  0.0150996502
  -0.02650786 -0.00186712889 -0.0212416332  0. -0.0108449245  0.0154843042
   0.0285085235  0.000145966056 -0.0203401204  0.0146309687  0.00281013944
  -0.0174933709 -0.00294768903 -0.0343340747  0.00596654322 -0.0286159739
  -0.00998372678  0.0125037385  0.0588174798  0.0226786844  0.0178271029
   0.0139065143  0.000212060913  0.00934906397  0.0186072886  0.0181543212
  -0.0165566765  0.0123509448  0.0215289108 -0.00793756451 -0.00228150864
   0.020978542  0.0138091175 -0.00589989312  0.00364340516 -0.00318507128
  -0.0075557041 -0.0264131855 -0.0290327147  0.0146551766  0.0201256368
   0.00232961634 -0.00224008388 -0.00458371639 -0.00219470705  0.0023808151
  -0.0139899068 -0.00115260307  0.0359428599  0.0246825442 -0.00558300549
  49  0.0140845291 -0.00703061186 -0.0243800692  0.0518059246 -0.0093475068
  -0.0904923305  0.0468981527  0.0820859596 -0.028035773 -0.0179489143
   0.0180611927  0.0395199619  0.00527498638 -0.00144054997 -0.0213375036
   0.00605726382 -0.0610538535 -0.0195419174  0.0258733723  0.0175784938
  -0.0269850753 -0.0305488352 -0.00564675312  0.00965664443  0.0205508582
   0.00706324307  0.0308714546  0.0359102525 -0.0139308088 -0.00790581759
   0.010476077 -0.0276078321 -0.0451544449 -0.0233984329 -0.00120536727
   0.0224986468  0.0215611644  0.0200537276 -0.00372042996 -0.00654797209
   0.0164994579  0.00935552083  0.0086953463 -0.00718171755 -0.011290038
   0.0322011784  0.0062246155  0.00721520232 -0.00838999264  0. -0.000256451225
   0.00251608691 -0.0389164165  0.00431930553  0.0320409983 -0.0146169662
  -0.0342009403 -0.0153761283 -0.00461798627  0.0648989975  0.0115984473
   0.00071390887  0.015385041 -0.010815586 -0.0444955677 -0.0324247368
   0.00238909735 -0.0164519139 -0.0285523385 -0.00722298957 -0.00493173813
  -0.00242015719 -0.0303667653 -0.0209024306 -0.0311078243 -0.0176336262
   0.00113325834 -0.00864272285 -0.0389360003  0.00671053817  0.00285568088
  -0.0152684618  0.00137263886  0.0429366827  0.017758701 -0.0110887606
  -0.0245526079 -0.00663684914  0.011118154 -0.00265949871 -0.00360342721
   0.00834953412  0.00804333016 -0.031095257  0.000612436968 -0.00334276981
  -0.00825558882 -0.0160068404
  50 -0.0200761687  0.0449296273  0.0421585776 -0.0726119652 -0.0290953089
   0.0516490564  0.00378343905 -0.0521305762 -0.0100184428  0.0163571443
   0.0145299835 -0.0340083241 -0.0113546122 -0.00390473218  0.00391685124
   0.000124353086  0.0436392091  0.0318408236 -0.0147901066 -0.042593658
   0.00663108705  0.0239771102  0.0257940646 -0.00422572857 -0.0138605041
  -0.00430339668 -0.0122661209 -0.0217438303  0.0113152992  0.00265978859
   0.0279926006  0.00313316379 -0.000160111769  0.0376332253 -0.0156534687
   0.000554811384  0.0135123022  0.0123292664 -0.0222811308 -0.0354405753
  -0.0310793724 -0.0130563155 -0.00736842165  0.0172301475 -0.0241172742
   0.00671496382  0.00823818333  0.0143188443 -0.0135394968 -0.0105588371  0.
  -0.00155967381 -0.0182338413 -0.00809909403 -0.000995944138 -0.0158541966
   0.00708791753  0.0421754085  0.0251609664 -0.0232116058 -0.02039201
  -0.00456252554  0.0322948657 -0.00457189558  0.0060911281  0.00721213548
   0.0178001206 -0.0145862075 -0.00473140879  0.00731621031 -0.000499206071
   0.0240567233  0.036199078  0.0492157228 -0.00364710623  0.0119457589
   0.0387744233  0.0137916999 -0.0184629057  0.0171130616  0.0108698048
  -0.00885445997 -0.00648131873 -0.00841090642  0.00653962977  0.00304546393
  -0.0100506088  0.00344275287 -0.0254382845 -0.0144679882  0.00822874438
  -0.0093106823 -0.00354082254  0.0272773653  0.0217085648  0.00751321949
  -0.0195024479  0.0169466734 -0.00355230924 -0.0283913296
  51  0.0313133672 -0.00336466683 -0.0326078311  0.0232706014  0.0691371486
  -0.00529871881 -0.0665772185  0.00784143433  0.0321311764 -0.0236519836
  -0.0245344117  0.0121513624  0.0144826341  0.00246310304  0.0034540405
   0.0191142783  0.00598519575 -0.0430818535 -0.0118357455  0.0439603925
   0.0271278806  0.00560474256 -0.0127508063 -0.0243835226 -0.03101198
  -0.0166567639 -0.000956685573 -0.00619925  0.00735324295 -0.0152281234
  -0.0101556536  0.0208461955 -8.9400397E-05 -0.0252745822 -0.00355084357
  -0.016879417 -0.0111193219 -0.0370586887 -0.00776794273  0.00115773734
   0.0139894877  0.0159069803  0.0261975769  0.0354261473  0.0127068534
  -0.0254423302 -0.00925696641 -0.0209753662  0.0510438047  0.021201672
  -0.0163645372  0.  0.0105241174  0.0109942891  0.010755524 -0.0094297789
   0.0127884382  0.00972507894 -0.0219417419 -0.0176664516  0.00868548825
  -0.0101822354  0.013048985 -0.015715586  0.00276842597  0.0196285825
   0.0200314876 -0.0173552427 -0.00814996939  0.0310951732  0.0149146225
  -0.0218720585 -0.03217021 -0.049721621 -0.0259080771 -0.00249986863
  -0.00833124295 -0.011099875 -0.0228872616 -0.00502825808  0.00769631099
  -0.0136914272 -0.00477309665  0.000409490342 -0.0226426516 -0.000704870967
   0.0104476055  0.0241157226  0.00944586005  0.00439109234 -0.0116259595
   0.0243701525  0.0347089209  0.0127486177 -0.0201281849  0.0141229676
   0.0198807176  0.0231971443  0.00878885109 -0.0124937277 -0.00741498591
   0.0192114227
  52 -0.0223312639 -0.046419207  0.0233798642  0.0319601968 -0.0786118433
  -0.012944323  0.0756180361  0.00835710764 -0.0338033512  0.0105092423
   0.0254137293  0.00334179867 -0.0232137758 -0.00282911677 -0.0017411788
  -0.0156221697 -0.0297145471  0.0607232451  0.0501704291  0.0015078549
  -0.0405661911 -0.0303340293 -0.0097777117  0.0324213319  0.0415784232
   0.0176684074 -0.000717784511  0.00254879356 -0.0066982219  0.0189023204
   0.0318910256  0.0235943533  0.0344204977  0.00868404005  0.0321784206
   0.00660766847 -0.00540631823  0.0194916818  0.0152500272 -0.00581959262
  -0.0164846182 -0.0199554265 -0.0283893012 -0.0359226018 -0.0160997063
   0.00660173688  0.00658666156 -0.00191753847 -0.0371330827  0.00353207346
   0.0188605879  0.0266154818  0. -0.00379180699  0.000130370056  0.0220751241
   0.014610813 -0.0232742187 -0.0415282808  0.00623299554  0.0230934601
   0.0124458 -0.00443955231 -0.0193536654 -0.0108803557  0.015477309
  -0.0109055834 -0.00847002864  0.0159260612  0.0159893446 -0.0125622051
  -0.0124810459  8.15353269E-05  0.00909533072  0.0228024162  0.0280022696
   0.0500524752 -0.0140763745 -0.0221200027  0.0140914144  0.00670338841
  -0.00142929109 -0.000120823555  0.0158493221  0.0124187181  0.0153588038
  -0.00961866044 -6.35883771E-05  0.0205957033 -0.000138755466  0.0331302844
  -0.00538010523 -0.0287528392 -0.0174889397 -0.036115922 -0.00666828407
  -0.0148140341  0.00568992551 -0.024444567 -0.00929354224  0.00253972877
  -0.0355217941 -0.0102768736  0.0068893563
  53  0.00188835897  0.0476572216 -0.0204156544 -0.0467885472  0.0399420187
   0.0462938473 -0.0114478823 -0.0132696042  0.0184971523  0.0168858059
  -0.0279381797 -0.0233462621  0.0265665688  0.0162269436 -0.00451061968
  -0.0131595051  0.0195234604 -0.0171289593 -0.0560403913 -0.0297879968
   0.031438075  0.0324728675  0.0183623079  0.00565862888 -0.000764371478
  -0.0228361301 -0.0052677854  0.00473343022 -0.00404531881 -0.0256492235
  -0.0330890529 -0.0426365919 -0.0169146508  0.00781929679 -0.0306480806
  -0.0110143088  0.0111093326  0.0053447308 -0.0175692011 -0.0221007783
  -0.00178701151  0.00229335949  0.0149605526  0.0215218533  0.0165827293
   0.00665848935 -0.00974661205 -0.012929555  0.00785418134 -0.0100915907
  -0.00512793614 -0.0251311157  0.0050040572  0. -0.00629182206 -0.00881714653
  -0.0307641514 -0.00831877068  0.0167658031  0.0349935815  0.00517828343
  -0.0340382196 -0.0225047916  0.017555844  0.0166265946  0.0283515174
  -0.0103641152 -0.0265057143 -0.0155494269  0.0259508546 -0.0133762471
  -0.02378539  0.00574566703  0.0218704045  0.00854969397 -0.00752152968
  -0.0302883815 -0.0601567961 -0.0295918994 -0.0130425673  0.0111837396
  -0.000668191933 -0.0172090288 -0.00662215566 -0.00242020446 -0.0121686477
  -0.0120811844 -0.016742453  0.00613705115 -0.00938888732 -0.0057680551
  -0.0331280753  0.0029556565 -0.0215744786  0.00603426807  0.0384987332
   0.0250208955  0.0097277239  0.0267340895  0.0286226068  0.00744329207
  -0.000334593205  0.0188967064 -0.0166725069 -0.00144759601  0.0299089607
  54  0.0325529091 -0.016789943  0.00521739805  0.053834442  0.00918426644
  -0.0790644735 -0.0274939034  0.0449622609  0.00358258071 -0.0345385224
   0.000514415791  0.0134097207 -0.0193609633 -0.0188603234  0.00274286419
   0.0247260854 -0.00643749163 -0.0302265044  0.0532276817  0.0404588059
   0.0108886827  0.00740073202 -0.0151869869 -0.0316535793 -0.0116041433
   0.0230844729  0.0151365139 -0.00491578085  0.0133796725  0.021892963
   0.00875515118  0.0188445188  0.00815050863  0.0258549266 -0.0046527423
   0.0103731435 -0.00151801261  0.00256363931 -0.000136103947  0.00994393788
   0.00271636364 -0.000230552076  0.00434010196 -0.00340537564 -0.0188865047
   0.00514769554 -0.0106376642  0.00567140896  0.0257178172 -0.0177445356
  -0.0296090599 -0.00316788629 -0.00612499379  0.0142214624  0. -0.00356397987
  -0.00662812684 -0.00235908828  0.00886727311  0.0147356773  0.00491903769
  -0.00774234999  0.0169501826  0.0171919893 -0.00473045837 -0.0108568501
  -0.0246647857 -0.00144637178  0.0339372568  0.0265363958 -0.0183485001
  -0.0033314263  0.0157420784  0.00516637973  0.000998113537 -0.00508429669
  -0.00867617689  0.00386111089  0.0449843779  0.0732647181  0.0432009324
  -0.0078718774 -0.0130954301 -0.00436463254  0.0119919796  0.0140724527
   0.011386048  0.00740212342  0.0296622943  0.00611486053 -0.000898347702
   0.010554052 -0.00070627837  0.000967692933  0.0281807706  0.0137300156
   0.0180365555 -0.00876801275 -0.0169778224 -0.0325351506 -0.0110403346
  -0.00328466226 -0.0177232996 -0.00790092442  0.00203051395 -0.0165693518
  -0.0160214342  0.000708400039
  55 -0.02632083  0.020312937  0.0191692542 -0.0485734157 -0.0462799445
   0.0441645235  0.0267623197 -0.0214234106 -0.00318704685  0.0246084593
   0.0283724573  0.00369305047 -0.00431041885  0.0143580362  0.00352865527
  -0.0110322274 -0.00234052842  0.0293064397 -0.0200296976 -0.0529208854
  -0.0357896797 -0.00105075701 -0.00162834802  0.0126288626  0.0122106308
   0.00652603526 -0.00984470081 -0.003423922  0.00926665682 -0.00104587001
  -0.00697323261 -0.0130124614 -0.00495922053 -0.0327457562  0.00739910267
  -0.00694446266 -0.0232030693  0.0086834617  0.00287586893  0.012792334
   0.00108371663 -0.00945433509 -0.0239507128 -0.0257847216 -0.00709438324
  -0.0211650617  0.00188453589 -0.000800276583 -0.00130387768 -0.000910029223
   0.00639752764  0.00633592531 -0.0203994904 -0.0171252899 -0.0133726373  0.
   0.0147536341  0.0284227114  0.0101029426 -0.0201531164 -0.0072676288
   0.00326336641  0.00873293728  0.0039861938 -0.0108907735 -0.0180786978
  -0.012532101  0.00581660075  0.0184106827 -0.00611985149 -0.0169670247
  -0.0182316974  0.03383274  0.0198698156 -0.00662960671 -0.016281249
   0.00207519461 -0.00497140316 -0.00524729071 -0.0071586268 -0.0493330434
  -0.0375480391 -0.0345361717  0.000144549384  0.022821961 -0.009539566
  -0.0131588057  0.00585689023 -0.00521702738 -0.0152575411 -0.016753206
   0.00191787072 -0.0051555587  0.0210363399 -0.0185275748 -0.0120008886
  -0.0227700844 -0.0155464597  0.0109713776  0.0154094044  0.00143476063
   0.022418322  0.0440645218  0.0124229286  0.00438812654  0.0307292379
   0.00810093153  0.0342685245  0.0166160986  0.00476766843
  56  0.0109485909  0.0116874399 -0.0343228169  0.00730703725  0.0595488809
  -0.000879592437 -0.0441674739 -0.00549693452  0.010854491 -0.00588464644
  -0.0125979492  0.0107238619  0.0136437491 -0.0134906834 -0.0237028617
  -0.00540958159  0.0116756391 -0.00466429349 -0.0137545234  0.0543507002
   0.0296737775  0.00303034415  0.0207813419  0.0113160303 -0.00547773344
  -0.0155928163  0.0330130421  0.0139229121 -0.021459531 -0.00598061131
   0.0263395011  0.00260279002 -0.0090709962 -0.00681364117  0.0207109582
   0.00690202788 -0.00390248676 -0.0220392589  0.00744946906 -0.00561169768
  -0.00931855384  0.00113690877  0.00750794495  0.00907217618  0.015374369
   0.00581810717  0.00935616065  0.000768176687 -0.000787213212  0.0182076041
   0.0227134675 -0.0192299802 -0.00750150206 -0.01305285  0.00399335381
  -0.0148492726  0. -0.00969896745 -0.0121435039 -0.00298030255  0.0114367222
  -0.0108882654 -0.0180165097 -0.0107178139  0.00641640788  0.0141886799
   0.0252783243  0.0176147297 -0.0107416306 -0.0366700701 -0.00587399025
   0.022519825  0.0324979573 -0.0251559503 -0.0407659188 -0.0168218985
   0.0128474329  0.0175569355  0.0159956422 -0.000213617866 -0.0137628475
  -0.00081697281  0.029860232  0.0460264757  0.0276201237 -0.000724709884
  -0.0120188789  0.00601370353 -0.00865321513  0.00502457097 -0.00469282921
   0.00521751121  0.000393010559 -0.00819684565 -0.00530891307 -0.00524533493
  -0.0167018268  0.0240786206  0.0182096623 -0.000881474698 -0.00594115164
   0.0062503228 -0.0137767037 -0.0297851153 -0.00418053428  0.0023675696
  -0.00487281522 -0.00415827055 -0.0343775116  0.0183026921  0.00804319419
  -0.00775415497
  57 -0.00533273257 -0.0262541287  0.0324632227  0.0193366688 -0.0502741858
  -0.0247838255  0.0529934168  0.00246291654 -0.0176299736  0.00269468105
  -0.00498533202 -0.00830068532  0.00163943437  0.00788538065  0.0265154131
   0.0131863104 -0.00491211191 -0.00146382547  0.0216585975 -0.00741223339
  -0.0201333351 -0.0189945213 -0.0109391063 -0.0259726215 -0.0183810275
  -0.00564859528 -0.017336132 -0.0195101462 -0.00237260223  0.0221620314
  -0.000314981677 -0.00470841769 -0.00517274393  0.029094357 -0.0248149261
  -0.00681670289  0.00241913204  0.00271960814  0.00155078375 -0.0031610101
  -0.00862589106  0.00595717458  0.00961498171 -0.0212751087 -0.0268510543
   0.00447398564 -0.0217237156 -0.0181519128 -0.0160676446 -0.00925819576
  -0.00519207027  0.00666788872 -0.00126152474  0.0282895062 -0.0034746672
   0.0140440324 -0.00344752613  0. -0.0196529552 -0.00156640995  0.00083932071
  -0.000334400858 -0.00405125553  0.0111835552  0.0154450526 -0.00419610459
   0.0100511471  0.00927435327 -0.0130321141  0.00820271485  0.0268493593
   0.00909128319 -0.0320277289 -0.0285541397 -0.00380520523  0.0333121978
   0.0351930037  0.0133803822 -0.0157224778 -0.0180427227 -0.000920257997
   0.00621256651  0.0239202343 -0.0164926406 -0.0244481284 -0.0330293961
  -0.0163018946  0.0196941067  0.0037612142 -0.00613077963  0.0155261755
   0.00824137498 -0.00680018915 -0.00883119088  0.00744361244 -0.00125987083
   0.00339151826 -0.00264532934 -0.0146470191 -0.0059820069 -0.0104308855
   0.0014588749 -0.0135000134 -0.00988983363  0.000949495472  0.0175575335
  -1.55069447E-05  0.00384139153  0.0130939102  0.0275326427 -0.00708143599
   0.0199049041  0.0143276993 -0.00626320858
  58  0.00349130342  0.0148216318 -0.00518554123 -0.019381443  0.0155822113
   0.0408660956 -0.0194562711 -0.0182543024  0.0207304899  0.0087616099
  -0.012138064 -0.00859580655 -0.000869948708 -0.00672492897 -0.0118930051
  -0.00586319156 -0.00194910949 -0.00389011996 -0.00625697942  0.00269074761
   0.0391910635  0.0168073066 -0.0087572569  0.027129434  0.0291208234
   0.0122641791 -0.00125814858  0.0231209844  0.0282100458 -0.0244783945
  -0.0198012497  0.00492027123  0.0171585362 -0.0219268426 -0.0144975455
   0.00410151761  0.000703860307 -0.00606250856 -0.0240182523  0.00927193556
   0.0129149174  0.00345831946 -0.012056293 -0.00911192223  0.00889859255
   0.0100182779  0.0148593374  0.0123492042  0.016530443 -0.0112071568
   0.000746050209  0.00641017221  0.0121215172 -0.0102345636 -0.0111762024
   0.00625620037 -0.00353236706  0.00191072444  0.  0.0159814246 -0.00827654451
   0.00368220336  0.0018503943  0.0162755996 -0.00165689585 -0.0118738618
  -0.0121538211 -0.011297565 -0.0236026943  0.00942780636  0.0270298999
  -0.00612153206 -0.0377514921  0.0154732428  0.0419157408  0.0344477184
  -0.00744500803 -0.0327220894 -0.0305410214 -0.00790450722  0.0216085762
   0.017457854 -0.00623681955 -0.0158836544  0.0115587516 -0.00105395773
   0.00951160397  0.0170531645  0.00150854292  0.00848935172  0.0272757243
   5.12834267E-05  0.00162826129  0.00115295348 -0.00540330447 -0.00784849841
  -0.0169153512  0.00142808142  0.00485584233 -0.0233768281  0.00837446377
   0.0182398614  0.00331752491 -0.0271895751 -0.0104089817  0.00339298113
  -0.00653523533  0.00356697943 -0.0137879299 -0.0114400247  0.00918614864
  -0.0217832457 -0.0345110446 -0.0125217307 -0.0170802213  0.000969650282
  59  0.0167686045  0.0114336852 -0.0109637454  0.0189065635  0.0114002218
  -0.041132085 -0.0123474644  0.0317605212 -0.0139968991 -0.003357223
   0.0138595728  0.00857971143  0.00327595067  0.0123772267 -0.00560022611
   0.00483248336  0.0133107724  0.00827295985 -0.00192660687 -0.00868565682
  -0.0199006125 -0.00769866584  0.00696685957  0.0112930052 -0.0183225293
  -0.0248977169 -0.00916977786 -0.0213784184 -0.0136537496 -0.00382675324
   0.015920613 -0.00385896303 -0.0112829264 -0.00297071598  0.0347339474
   0.00943048205 -0.00140022149  0.00594229344  0.0117254863  0.00320414826
  -9.80992045E-05 -0.00575400051 -0.00561117241  0.00591917709  0.000554321159
  -0.0167358816  0.00423004711  0.000240352281 -0.00844221935 -0.00421554223
  -0.0062499675  0.00170730741 -0.0112468684 -0.000527090218  0.0148599623
  -0.00165360013  0.000402938924  0.00178164174 -0.0115711875  0. 
0.00346492883
   0.0153889488 -0.00177403947 -0.0127686448 -0.017391121  0.00509951636
   0.00818009768  0.0040592649 -0.00286772824  0.0166804213  0.00686789723
  -0.0256692711 -0.00707466574  0.0361668095  0.0153271668 -0.0344088003
  -0.0388006195 -0.0111937402  0.0167617556  0.0310606584  0.0279676784
  -0.00283612683 -0.0174294896 -0.0177228153 -0.0195727423 -0.0029148499
   0.00271683885  0.00324290944 -0.00943772588 -0.0120808724  0.000972573936
  -0.0229266565 -0.0135165481 -0.000957833428  0.00854986254  0.00928882882
  -0.00974458363  0.00737974793  0.00552137382 -0.00321822474  0.013342022
  -0.00952997431  0.00291549903 -0.00467991643  0.0208344236  0.0103837922
  -0.00763454242 -0.0271080304 -0.0134154614  0.00898382813  0.00475353748
   0.00380334677  0.027043296  0.0138305845  0.0198864713 -0.00663552014
  -0.0268239714 -0.00771960989
  60 -0.00464225793  0.00186618872  0.00733966427 -0.0121033825 -0.0180758014
   0.00789221656  0.0276217293 -0.0133496393 -0.0177533757 -0.00220073084
   0.00525755575  5.57203457E-05  0.00136187731 -0.00571521046 -0.00364661193
  -0.0102891382 -0.0131212277 -0.00537167303 -0.0134770591 -0.0112224324
   0.000616282807  0.0180997252  0.00805378053 -0.0238653757  0.00299590896
   0.0346335135  0.0211620368  0.0153044844  0.0235786773  0.0360616371
  -0.00210071309 -0.0137563469 -0.00516296038  0.00502979103 -0.0308326427
  -0.022328198 -0.0164801255 -0.00203948817 -0.00523723615 -0.0118845785
  -0.021244647  0.0144578712  0.0352458023  0.0187867489 -0.00832301658
  -0.00566911418  0.0116190184  0.0278752949  0.00700486545  0.0192480572
   0.0122171761  0.0148550812  0.00352586806  0.008790005 -0.00318856002
   0.021823762  0.00563719682  0.00695357379  0.0176366642  0.0203899462  0.
  -0.00644277269  0.00733056385 -0.0167722106 -0.00354150124  0.0109802131
   0.00912140217 -0.00461805984  0.00657049939  0.0176560078  0.00949864835
  -0.027616119 -0.0108605735  0.0138674947 -0.00596862705 -0.0373637937
   0.00243264949  0.0370177366  0.0314481631  0.00949530676 -0.0113481246
  -0.0212022699 -0.0218028519  0.00108418183  0.0371508524  0.0122751156
  -0.0101677468  0.0128447684  0.00474702241 -0.00442449283 -0.00626981445
  -0.0221496709 -0.0161595754  0.024111459  0.0101504661  0.0177716166
   0.00546040852 -0.00423131697 -0.00687178504 -0.0105139986 -0.0076500494
  -0.000492703228 -0.0156109547 -0.0129744373 -0.00375014869 -0.0159073435
  -0.0150858816 -0.00357936439  0.00417017285 -0.000428055704  0.00373100955
   0.000537540065 -0.00730997464 -0.0096372189 -0.00285161007 -0.0218503531
  -0.0030468076  0.00554950256  8.06307144E-05  0.000798043679
  61 -0.0110958247  0.000422800047  0.00980732776 -0.00493167015  0.00657070009
   0.0192214996 -0.0189535823 -0.0117787188  0.0264949594  0.00300470879
   0.000724974438 -0.001852563 -0.012219728  0.000542260881  0.0187890604
   0.00597532047  0.00111935148  0.0137923127  0.0230667852  0.0227121022
   0.00155046454 -0.0153063135 -0.00213477481  0.00244293315  0.0136284698
  -0.00427572895 -0.0179160759 -0.0212217961 -0.0336532108 -0.0242405999
  -0.00413166825  0.0177269764  0.0200040732  0.000627071713  0.00605207216
   0.0244115461  0.019670913  0.00363813154 -0.000711047964  0.020876551
   0.00529876072 -0.00456758868 -0.0248481352 -0.0227528587 -0.00861758273
   0.00436286954 -0.011556712 -0.0195265654 -0.00774557237  0.00726445997
   0.0147651387 -0.015449238 -0.0166514162 -0.0321820304 -0.021399308
  -0.0245409198 -0.0239851233 -0.00189761771 -0.0057298881 -0.0106014907
   0.0177521817  0. -0.00803013705 -0.0147642549  0.0221849363  0.0121900318
  -0.00963674858 -0.0189437531  0.00879911054  0.00128028775 -0.0164589994
  -0.0245719999  0.0253850967  0.0357060395 -0.00645805057 -0.0109293209
   0.0283743571  0.0245583579 -0.0283665545 -0.0385548845 -0.0111102816
   0.00786861219  0.0121333534  0.0249916986  0.0140743423 -0.0106270807
  -0.00214469456  0.00380111323 -0.012962549 -0.00998975057  0.00864229258
   0.020144688  0.0170994662  0.019109752 -0.0142016727 -0.0241055116
  -0.0188280288 -0.00145370129  0.0154723357 -0.00233409484  0.00685334299
   0.0156163219  0.00588717544  0.0197819211  0.0124996137  0.00921515003
   0.00386144058  0.023553893  0.0109685613  0.0150424922 -0.00230081636
  -0.0273391809 -0.0091175735  0.00899391994 -0.00579078961  0.013719812
   0.0310762487  0.0220344607  0.0155286537 -0.0308081191 -0.0112832021
  -0.0343006216


