sharp data of vector magnetograms (2014.11.25_07:48:00 with HARPNUM=4851, CAR_ROT=2157);  B_r, positive up; B_theta, positive southward; B_phi, positive westward 
0 0.0 2 0 3
55 30
Longitude Latitude Br Bt Bp
  145.57   -23.58    -9.70    -5.08     9.46
  146.24   -23.58    10.90     8.78    -7.67
  146.92   -23.58    10.38     5.18   -13.66
  147.59   -23.58     2.99     5.99    -1.08
  148.26   -23.58    -2.05    -8.13    -3.61
  148.94   -23.58     4.88     2.90    -4.02
  149.61   -23.58   -10.99   -11.34     7.51
  150.28   -23.58    -0.71    -1.34    -0.74
  150.96   -23.58   -16.80   -10.48    14.02
  151.63   -23.58    22.68     8.11   -21.01
  152.30   -23.58    -7.69   -11.37     1.42
  152.98   -23.58    10.85     8.99    -7.86
  153.65   -23.58    -4.35    -2.95     5.00
  154.32   -23.58   -14.69   -12.55    12.77
  155.00   -23.58     4.85     6.27    -0.08
  155.67   -23.58    -1.07     4.03     2.91
  156.34   -23.58   -18.74   -21.36    11.54
  157.02   -23.58   -50.00   -25.92    26.93
  157.69   -23.58    16.21     6.68    -7.29
  158.36   -23.58    36.45    29.81   -12.97
  159.04   -23.58    19.94    15.15   -10.15
  159.71   -23.58    -1.24    -2.13    -1.53
  160.38   -23.58    25.36    19.21   -13.66
  161.06   -23.58     2.25     0.63    -3.78
  161.73   -23.58   -10.56   -13.90     6.50
  162.40   -23.58   -15.61   -23.74     5.26
  163.08   -23.58     9.61    14.05    -5.14
  163.75   -23.58    52.52    40.92   -16.43
  164.42   -23.58    -0.42    -0.11     1.68
  165.10   -23.58     3.30     6.72     1.74
  165.77   -23.58    -6.44    -9.23     4.19
  166.44   -23.58    25.15    27.17    -5.59
  167.12   -23.58    38.97    35.67    -7.98
  167.79   -23.58    11.03    16.45    -7.27
  168.46   -23.58    -0.47    -2.49    -4.36
  169.14   -23.58     0.50     0.95    -0.70
  169.81   -23.58    -7.92   -14.85    -2.49
  170.48   -23.58    22.20    30.55   -14.01
  171.16   -23.58     4.85     4.69    -0.58
  171.83   -23.58    -3.46    -6.40    -1.26
  172.50   -23.58    -5.52    -7.26     5.03
  173.18   -23.58     5.14     8.44    -9.61
  173.85   -23.58    21.43    21.94    -6.40
  174.52   -23.58     8.97    14.30    -8.81
  175.20   -23.58     5.21     7.97     2.40
  175.87   -23.58     5.16     8.55     1.85
  176.54   -23.58     1.49     2.95     5.80
  177.22   -23.58     4.84     8.98    -3.24
  177.89   -23.58     6.05     9.00    -1.76
  178.56   -23.58    -4.80    -5.65     1.11
  179.24   -23.58   -28.10   -26.64    -0.38
  179.91   -23.58    13.48    16.34     8.60
  180.58   -23.58   -17.83   -25.33    -3.92
  181.26   -23.58    -5.87    -8.62     5.80
  181.93   -23.58    -4.27    -4.16    -2.75
  145.57   -22.88   -20.38    -1.18    16.39
  146.24   -22.88   -46.65   -13.30    24.81
  146.92   -22.88   -20.22     1.41    18.38
  147.59   -22.88   -27.97   -21.54    17.35
  148.26   -22.88   -10.08   -10.72     6.29
  148.94   -22.88     6.68    16.42     3.64
  149.61   -22.88    10.18     9.73    -5.89
  150.28   -22.88   -17.95   -12.95    14.24
  150.96   -22.88    -1.58     2.63    -2.32
  151.63   -22.88   -26.58   -15.14    19.67
  152.30   -22.88    -8.99   -12.77     2.65
  152.98   -22.88    -1.15     0.90     3.01
  153.65   -22.88   -19.77   -11.94    17.53
  154.32   -22.88    -9.55    -4.31    11.43
  155.00   -22.88   -10.67    -2.03    10.08
  155.67   -22.88   -89.11   -31.18    41.88
  156.34   -22.88    -7.96    -9.72     3.26
  157.02   -22.88   -27.12   -21.97    25.99
  157.69   -22.88   -46.83   -36.13    31.34
  158.36   -22.88     9.96     4.48    -8.38
  159.04   -22.88   -27.41   -27.61    19.41
  159.71   -22.88   -18.23   -27.37     4.59
  160.38   -22.88    -0.28     2.55     3.53
  161.06   -22.88    -7.94    -7.19    12.61
  161.73   -22.88    -3.08     4.16    13.04
  162.40   -22.88    -8.66   -11.50     6.07
  163.08   -22.88     6.95     7.47   -10.51
  163.75   -22.88     3.98     5.82    -2.93
  164.42   -22.88     2.11    -3.52    -3.64
  165.10   -22.88    -3.89    -7.36    -0.71
  165.77   -22.88     0.97    -0.23    -1.23
  166.44   -22.88    -0.46    -0.12     0.98
  167.12   -22.88   -19.36   -23.96     7.32
  167.79   -22.88     3.44     2.87    -7.05
  168.46   -22.88    17.32    19.31    -2.05
  169.14   -22.88    62.30    66.20     2.97
  169.81   -22.88     8.89     7.49     3.24
  170.48   -22.88    25.55    29.89    -2.09
  171.16   -22.88    42.74    34.16     0.34
  171.83   -22.88    11.34    14.63    -3.31
  172.50   -22.88    -7.97   -13.84    -0.70
  173.18   -22.88     2.63     6.23    -3.56
  173.85   -22.88    19.90    16.00   -14.18
  174.52   -22.88   131.26    85.86   -23.80
  175.20   -22.88    70.81    50.78    17.62
  175.87   -22.88    -3.62    -6.54     1.51
  176.54   -22.88    -2.36    -3.85     4.68
  177.22   -22.88    12.91    21.88     2.97
  177.89   -22.88    -4.72    -9.10     2.62
  178.56   -22.88   -10.85   -18.82     0.32
  179.24   -22.88    -7.39    -8.32     1.54
  179.91   -22.88     6.40     4.20     0.59
  180.58   -22.88     2.54     1.51     5.40
  181.26   -22.88   -17.26   -23.92    -4.18
  181.93   -22.88     0.66     1.29    -0.91
  145.57   -22.18   -54.59   -10.50    36.43
  146.24   -22.18   -43.34    -8.51    23.80
  146.92   -22.18   -31.46   -13.89    26.49
  147.59   -22.18   -24.33   -11.69    22.84
  148.26   -22.18     1.16     1.56    -0.40
  148.94   -22.18    -1.22     5.45     3.97
  149.61   -22.18   -12.41    -6.34    12.76
  150.28   -22.18     3.73     1.90    -4.34
  150.96   -22.18     2.64     5.94    -1.34
  151.63   -22.18    -9.40    -6.65     7.94
  152.30   -22.18    -1.76    -2.10     1.19
  152.98   -22.18    -3.05    -4.63     2.18
  153.65   -22.18    12.02    10.06   -13.64
  154.32   -22.18     0.80     1.85    -1.98
  155.00   -22.18     1.46    -3.00    -5.97
  155.67   -22.18    -2.12    -3.91     0.70
  156.34   -22.18   -31.94   -20.21    14.04
  157.02   -22.18   -11.96   -10.74    12.54
  157.69   -22.18     1.28     0.79    -4.69
  158.36   -22.18   -47.36   -23.84    20.83
  159.04   -22.18   -58.59   -39.76    18.34
  159.71   -22.18    -2.18    -9.39    -6.07
  160.38   -22.18    -4.32    -6.23     0.21
  161.06   -22.18   -14.85   -21.82     6.17
  161.73   -22.18    -1.14    -2.55    -0.30
  162.40   -22.18    18.56    14.55   -14.67
  163.08   -22.18   -22.66   -12.84    12.74
  163.75   -22.18     4.89     8.91    -9.46
  164.42   -22.18    -7.20    -7.23     3.84
  165.10   -22.18    -1.16     1.97     8.89
  165.77   -22.18    -7.00    -4.92    14.09
  166.44   -22.18   -23.24   -32.76     1.35
  167.12   -22.18   -20.82   -29.63     4.55
  167.79   -22.18    70.85    64.04    -4.62
  168.46   -22.18    62.81    55.96   -10.83
  169.14   -22.18   135.53    89.06   -16.46
  169.81   -22.18    57.48    37.86     3.31
  170.48   -22.18     3.47    -3.10     0.35
  171.16   -22.18    14.07     4.01    -8.03
  171.83   -22.18    -6.81   -11.37     1.23
  172.50   -22.18     2.63     2.58    -1.84
  173.18   -22.18     0.37    -0.03    -5.81
  173.85   -22.18     3.47     6.82    -3.08
  174.52   -22.18    71.47    31.28    -0.38
  175.20   -22.18    29.21    22.49    12.59
  175.87   -22.18    -4.46    -7.81    -2.33
  176.54   -22.18    -8.80   -17.01     2.00
  177.22   -22.18     7.93    16.01    -4.21
  177.89   -22.18     5.97    10.71    -0.49
  178.56   -22.18    -2.74    -4.62    -1.69
  179.24   -22.18     9.31    16.93     1.24
  179.91   -22.18   -10.57   -16.66    -7.84
  180.58   -22.18     4.26     6.22     1.41
  181.26   -22.18     7.62    12.73    -0.07
  181.93   -22.18     2.57     3.28     1.61
  145.57   -21.47    -9.19     1.90    13.40
  146.24   -21.47   -36.94    -8.55    29.28
  146.92   -21.47   -11.22   -14.05     6.85
  147.59   -21.47    -9.22    -6.37     8.24
  148.26   -21.47    -5.04     3.37     9.09
  148.94   -21.47    -8.07    -9.81     4.71
  149.61   -21.47    12.16     0.91    -9.14
  150.28   -21.47    15.56    12.01   -15.72
  150.96   -21.47    17.87    11.85   -17.67
  151.63   -21.47     4.45     0.41    -7.36
  152.30   -21.47   -21.92   -14.92    13.57
  152.98   -21.47    -6.79   -10.01     1.31
  153.65   -21.47    -8.53    -2.52    13.62
  154.32   -21.47     9.46    11.08    -6.58
  155.00   -21.47   -12.27   -11.96    10.02
  155.67   -21.47     4.55     3.98    -6.88
  156.34   -21.47   -15.12   -10.94    11.14
  157.02   -21.47     5.71     7.33    -4.47
  157.69   -21.47   -57.26   -32.40    29.40
  158.36   -21.47  -141.97   -64.41    38.36
  159.04   -21.47   -34.86   -25.08    25.42
  159.71   -21.47     5.48     7.37    -4.78
  160.38   -21.47    -2.57    -6.23    -2.28
  161.06   -21.47    -8.17   -14.11    -1.19
  161.73   -21.47   -12.29   -16.28    12.19
  162.40   -21.47   -26.80   -25.69    13.23
  163.08   -21.47   -46.43   -33.31    28.15
  163.75   -21.47   -41.99   -32.41    23.12
  164.42   -21.47   -19.13   -11.55    22.58
  165.10   -21.47    -3.36    -3.72     4.85
  165.77   -21.47    -6.21   -11.95     0.63
  166.44   -21.47    -3.50    -1.80     9.46
  167.12   -21.47    23.61    34.44   -12.65
  167.79   -21.47    25.19    29.57   -11.01
  168.46   -21.47    -0.50     0.84     3.55
  169.14   -21.47   103.21    48.08   -19.82
  169.81   -21.47    72.88    67.89     3.63
  170.48   -21.47    46.79    44.82     4.07
  171.16   -21.47    46.68    46.47   -15.83
  171.83   -21.47   192.34   126.25    10.40
  172.50   -21.47    58.59    49.01    21.80
  173.18   -21.47    -1.57    -3.71     7.00
  173.85   -21.47     6.35    10.01     3.56
  174.52   -21.47     4.34     7.65    -3.19
  175.20   -21.47     5.47     4.88    10.18
  175.87   -21.47    15.64    25.99    -3.99
  176.54   -21.47     9.08    10.26    -4.07
  177.22   -21.47     3.84     4.14     4.40
  177.89   -21.47    25.32    25.70     8.57
  178.56   -21.47     9.12    11.19     9.47
  179.24   -21.47    -3.60    -8.43     9.22
  179.91   -21.47    -3.92    -0.87    -3.86
  180.58   -21.47    13.33    20.78     7.06
  181.26   -21.47     3.58     6.53     3.85
  181.93   -21.47     4.86     7.91     4.22
  145.57   -20.77   -34.71   -12.04    31.70
  146.24   -20.77    -8.34    -2.02     9.54
  146.92   -20.77     0.47    -0.78     0.49
  147.59   -20.77     8.74     8.55    -6.38
  148.26   -20.77    31.89    17.52   -11.19
  148.94   -20.77   -38.04   -15.49    33.53
  149.61   -20.77     0.13     0.02    -0.28
  150.28   -20.77    19.03    13.67   -21.10
  150.96   -20.77    16.03    13.42   -13.40
  151.63   -20.77    -2.80    -0.41     4.78
  152.30   -20.77   -54.13   -36.08    25.44
  152.98   -20.77   -48.13   -25.40    30.01
  153.65   -20.77   -14.02   -13.89     9.63
  154.32   -20.77    16.16    24.29   -15.99
  155.00   -20.77    -2.74    -8.79    -2.82
  155.67   -20.77   -13.93   -12.55    10.27
  156.34   -20.77   -39.18   -40.50    16.66
  157.02   -20.77   -37.43   -38.63     8.90
  157.69   -20.77   -56.38   -22.53    33.53
  158.36   -20.77   -14.30    -5.78    10.17
  159.04   -20.77   -62.12   -42.67    19.51
  159.71   -20.77     7.30    13.66    -9.37
  160.38   -20.77     2.19     6.93     3.86
  161.06   -20.77   -14.11   -12.36     8.22
  161.73   -20.77    -9.75   -12.01     6.82
  162.40   -20.77   -13.23   -22.45     4.48
  163.08   -20.77    -8.67   -11.11     7.71
  163.75   -20.77   -12.86   -16.47    15.93
  164.42   -20.77   -20.24   -30.56    15.74
  165.10   -20.77   -11.92   -18.43     9.12
  165.77   -20.77    46.00    53.09    -7.55
  166.44   -20.77    29.86    44.21   -14.93
  167.12   -20.77    81.34    71.08   -24.73
  167.79   -20.77   106.19    69.71    -4.53
  168.46   -20.77    -0.38    -0.95     9.03
  169.14   -20.77     1.77    -2.85    -3.51
  169.81   -20.77    34.72    27.43   -13.14
  170.48   -20.77   113.39    82.47   -10.81
  171.16   -20.77   100.41    63.61     8.21
  171.83   -20.77   132.67    88.62    -9.71
  172.50   -20.77   112.47    86.37    36.73
  173.18   -20.77   131.72    95.77    30.66
  173.85   -20.77   101.61    72.40    42.57
  174.52   -20.77    23.88    17.18    14.79
  175.20   -20.77     3.27     6.14     3.92
  175.87   -20.77    18.62    23.17    -2.19
  176.54   -20.77    19.43    28.08    -3.64
  177.22   -20.77    18.32    25.57     4.70
  177.89   -20.77    15.68    19.59    -1.72
  178.56   -20.77     2.87     4.65     1.72
  179.24   -20.77   -24.81   -32.78     2.47
  179.91   -20.77    -1.41    -2.82    -0.05
  180.58   -20.77    20.71    20.20     1.92
  181.26   -20.77    11.23    17.98     7.99
  181.93   -20.77     0.42     4.11    -7.89
  145.57   -20.07   -49.58   -15.32    37.36
  146.24   -20.07   -61.65   -18.97    37.85
  146.92   -20.07   -35.88   -17.74    15.10
  147.59   -20.07     1.03     4.95     1.98
  148.26   -20.07    23.68    10.98   -12.70
  148.94   -20.07     8.63     9.38    -7.70
  149.61   -20.07     8.85     9.90    -5.61
  150.28   -20.07     2.32     9.24     2.78
  150.96   -20.07   -11.00    -9.87     7.07
  151.63   -20.07   -18.72    -9.42    22.19
  152.30   -20.07   -51.77   -11.83    36.33
  152.98   -20.07   -26.93    -9.76    19.13
  153.65   -20.07   -27.24   -11.74    22.30
  154.32   -20.07   -67.32   -16.51    45.22
  155.00   -20.07  -226.16   -73.03    85.21
  155.67   -20.07   -69.80   -35.08    54.78
  156.34   -20.07  -237.52  -142.47    93.91
  157.02   -20.07  -107.21   -99.64    -7.20
  157.69   -20.07   -24.91   -29.36    15.21
  158.36   -20.07     1.44     0.49    -0.69
  159.04   -20.07  -240.15  -103.76    84.24
  159.71   -20.07  -106.16   -66.26   -18.81
  160.38   -20.07   -12.50   -15.22     8.88
  161.06   -20.07   -21.84   -24.54    14.67
  161.73   -20.07    -2.48    -0.92     2.56
  162.40   -20.07    15.91    22.48    -9.29
  163.08   -20.07     5.74     9.68     1.57
  163.75   -20.07     5.05     7.42    -8.08
  164.42   -20.07   -21.98   -34.82    15.72
  165.10   -20.07     8.04     1.05    -4.66
  165.77   -20.07    59.86    49.43   -31.67
  166.44   -20.07   153.95    90.45   -20.12
  167.12   -20.07   101.77    66.97     7.28
  167.79   -20.07    26.07    33.62   -19.00
  168.46   -20.07    -1.84    -2.42     2.00
  169.14   -20.07    10.95    15.40    -8.27
  169.81   -20.07    49.23    55.99    -7.19
  170.48   -20.07   135.22   103.04   -20.22
  171.16   -20.07   113.23    81.22    17.34
  171.83   -20.07   180.28    86.31   -14.27
  172.50   -20.07   139.38    61.47    58.71
  173.18   -20.07    93.60    29.26    -3.95
  173.85   -20.07    70.38    44.48    26.71
  174.52   -20.07    58.74    32.86    16.36
  175.20   -20.07    18.40    32.59     0.22
  175.87   -20.07    12.68    16.84     1.08
  176.54   -20.07    18.00    20.01     6.51
  177.22   -20.07    61.41    44.20    23.45
  177.89   -20.07     0.38     1.28    -0.55
  178.56   -20.07    -0.06     1.78    -1.11
  179.24   -20.07    -1.20    -1.91    -3.93
  179.91   -20.07     0.86     2.29     4.19
  180.58   -20.07     2.50     5.21     1.28
  181.26   -20.07     1.25     1.47     7.31
  181.93   -20.07     1.78     4.81     0.74
  145.57   -19.36   -37.59    -0.14    27.96
  146.24   -19.36   -24.00    -0.05    22.05
  146.92   -19.36   -30.66     0.93    26.38
  147.59   -19.36   -26.07   -13.46    19.39
  148.26   -19.36    14.71    12.72   -10.99
  148.94   -19.36    -2.80    -6.88     0.18
  149.61   -19.36   -13.73    -9.79    13.67
  150.28   -19.36    -3.91    -3.07     3.31
  150.96   -19.36     6.39     3.04    -8.56
  151.63   -19.36    -2.76    -5.25     0.10
  152.30   -19.36   -10.33   -14.99     4.10
  152.98   -19.36   -59.09   -30.21    32.14
  153.65   -19.36   -11.68   -10.40    10.04
  154.32   -19.36    -3.60    -6.60    -3.14
  155.00   -19.36   -37.88   -13.67    36.19
  155.67   -19.36   -68.33   -23.90    56.21
  156.34   -19.36  -286.98   -31.88   132.86
  157.02   -19.36  -200.23   -38.67    34.21
  157.69   -19.36   -31.85   -25.65    14.04
  158.36   -19.36   -20.78   -28.40     9.42
  159.04   -19.36  -171.57   -18.80    70.56
  159.71   -19.36   -63.07   -21.19    23.50
  160.38   -19.36   -70.22   -39.26    18.12
  161.06   -19.36   -11.26    -9.89    13.83
  161.73   -19.36   -33.05   -33.39    20.16
  162.40   -19.36   -13.60    -8.05    14.50
  163.08   -19.36  -190.96   -96.26    27.57
  163.75   -19.36   -78.95   -37.87    -0.45
  164.42   -19.36   -44.30   -44.03    10.15
  165.10   -19.36   -12.38   -21.28     3.22
  165.77   -19.36    23.13    12.59   -12.20
  166.44   -19.36    70.49    40.86   -17.02
  167.12   -19.36    10.83    15.24    -6.06
  167.79   -19.36    28.46    36.68    -7.30
  168.46   -19.36     9.54    15.67    -5.59
  169.14   -19.36    29.28    23.90   -20.29
  169.81   -19.36   122.43    53.39   -37.74
  170.48   -19.36   144.06    72.33   -21.33
  171.16   -19.36   154.95    70.48     3.47
  171.83   -19.36   136.15    75.51    37.02
  172.50   -19.36    78.40    45.40    22.62
  173.18   -19.36    12.47    26.26     2.81
  173.85   -19.36    10.40    15.71     1.10
  174.52   -19.36    11.07    16.65     2.69
  175.20   -19.36    11.96    23.65     0.35
  175.87   -19.36     5.70    10.82    -1.71
  176.54   -19.36    47.55    31.51    -6.12
  177.22   -19.36    34.41    37.40     6.57
  177.89   -19.36     4.14     4.84     5.27
  178.56   -19.36    -3.66    -6.42    -1.55
  179.24   -19.36    -0.96    -1.08     0.30
  179.91   -19.36     3.44     8.58    -1.76
  180.58   -19.36    24.09    25.84     7.33
  181.26   -19.36    24.32    38.29    20.82
  181.93   -19.36     4.73     8.84     4.01
  145.57   -18.66   -27.79    -2.32    28.18
  146.24   -18.66    -7.09     7.88    11.70
  146.92   -18.66   -15.73    -5.62    18.43
  147.59   -18.66   -36.69   -12.95    26.38
  148.26   -18.66    -3.08     2.52     1.86
  148.94   -18.66   -63.64   -21.99    32.46
  149.61   -18.66     5.52     5.06    -6.40
  150.28   -18.66    -0.34    -1.25    -1.22
  150.96   -18.66    13.79    14.74   -16.04
  151.63   -18.66   -10.13    -5.67    11.63
  152.30   -18.66    11.30     8.83   -14.00
  152.98   -18.66   -72.19   -16.91    52.85
  153.65   -18.66   -50.03   -23.51    37.45
  154.32   -18.66    15.36    22.84    -9.90
  155.00   -18.66  -105.87   -41.54    76.74
  155.67   -18.66  -171.02   -39.50    72.91
  156.34   -18.66   -30.29   -19.52    34.08
  157.02   -18.66     7.31    10.10    -6.48
  157.69   -18.66   -68.76   -33.42    53.40
  158.36   -18.66  -289.94  -121.34    66.94
  159.04   -18.66   -40.52   -23.48    19.32
  159.71   -18.66   -57.18   -33.34    28.91
  160.38   -18.66  -120.20   -54.57    38.65
  161.06   -18.66   -90.94   -63.27    26.08
  161.73   -18.66   -78.88   -57.46    15.02
  162.40   -18.66   -95.97   -50.49    25.09
  163.08   -18.66   -75.17   -23.73    30.45
  163.75   -18.66   -41.60   -32.12    22.26
  164.42   -18.66   -19.56   -13.80    18.82
  165.10   -18.66   -17.95   -25.40    22.25
  165.77   -18.66    -9.24   -15.20     3.20
  166.44   -18.66   -15.23   -28.73     9.11
  167.12   -18.66    45.55    39.38   -11.09
  167.79   -18.66    12.67    16.27    -1.41
  168.46   -18.66    -7.95   -15.65     1.28
  169.14   -18.66     9.96    18.55    -2.34
  169.81   -18.66     0.63    -6.67    -4.75
  170.48   -18.66   139.89    87.45   -58.90
  171.16   -18.66   266.73   104.40   -17.60
  171.83   -18.66   240.88    98.81    12.93
  172.50   -18.66    76.58    61.65    52.88
  173.18   -18.66    10.94    18.80   -11.15
  173.85   -18.66    38.58    14.63    -8.03
  174.52   -18.66    66.58    47.56    37.92
  175.20   -18.66    10.58    20.67    -1.97
  175.87   -18.66    29.31    29.74    -0.11
  176.54   -18.66    50.51    31.76    21.76
  177.22   -18.66     2.40     6.46     1.90
  177.89   -18.66    13.59    26.39     3.89
  178.56   -18.66     7.20    12.82     5.96
  179.24   -18.66    -4.63   -11.32     7.14
  179.91   -18.66    -9.63   -12.20   -11.44
  180.58   -18.66     8.71    15.88     3.98
  181.26   -18.66     0.20     1.45    -4.92
  181.93   -18.66     3.43     3.27    -0.15
  145.57   -17.95   -20.44   -11.12    20.67
  146.24   -17.95    -1.35     5.81     2.81
  146.92   -17.95   -20.43    -3.83    18.88
  147.59   -17.95   -14.66    -9.62    14.81
  148.26   -17.95    -1.77     0.78    -1.63
  148.94   -17.95   -58.42    -2.01    48.08
  149.61   -17.95   -14.91    -7.17    14.78
  150.28   -17.95    -3.60    -2.16     1.41
  150.96   -17.95    -9.96    -6.73     2.85
  151.63   -17.95  -142.96   -36.89    58.90
  152.30   -17.95    -7.23    -6.71     7.45
  152.98   -17.95     3.14     5.15    -5.64
  153.65   -17.95    10.94    22.93    -2.37
  154.32   -17.95   -23.19     0.45    20.47
  155.00   -17.95  -135.85    -4.37   103.06
  155.67   -17.95   -50.65   -26.26    33.82
  156.34   -17.95    -7.70    -1.27     6.83
  157.02   -17.95   -21.69    -9.92    29.51
  157.69   -17.95  -217.05   -96.46   135.47
  158.36   -17.95  -252.80   -96.79    14.66
  159.04   -17.95   -16.90   -11.09    25.89
  159.71   -17.95   -22.20   -25.97    21.74
  160.38   -17.95   -35.25   -13.70    23.16
  161.06   -17.95  -122.87   -49.22    29.34
  161.73   -17.95   -39.64   -17.93    28.27
  162.40   -17.95  -127.02   -36.95    38.58
  163.08   -17.95   -50.81   -33.34    21.94
  163.75   -17.95   -31.11   -33.19    26.33
  164.42   -17.95   -68.01   -37.07    23.61
  165.10   -17.95   -14.29   -22.59    17.46
  165.77   -17.95    -4.25    -6.49     4.43
  166.44   -17.95   -12.18   -24.19     6.47
  167.12   -17.95    10.25     5.87   -12.84
  167.79   -17.95    10.41     5.98    -1.24
  168.46   -17.95   -10.52   -20.90     9.38
  169.14   -17.95    -1.36    -7.60    -1.91
  169.81   -17.95     0.56    -7.46     0.42
  170.48   -17.95    66.39    53.06   -24.90
  171.16   -17.95   111.04    76.73   -21.46
  171.83   -17.95   155.37   102.23   -55.47
  172.50   -17.95   425.86   225.92    55.22
  173.18   -17.95    81.62    62.69    82.41
  173.85   -17.95    17.67    20.99    -6.16
  174.52   -17.95   104.76    61.44    40.34
  175.20   -17.95    -2.47    -5.39     7.54
  175.87   -17.95     5.51    10.03    -1.55
  176.54   -17.95    46.13    29.67     6.07
  177.22   -17.95    33.48    31.92    11.57
  177.89   -17.95     3.56     9.41    -1.99
  178.56   -17.95     3.40     8.38    -2.68
  179.24   -17.95    -4.28    -7.21     0.68
  179.91   -17.95    -6.37   -10.03    -3.87
  180.58   -17.95    12.56    26.75     4.33
  181.26   -17.95     3.15     7.48    -1.08
  181.93   -17.95     1.88     2.71     2.29
  145.57   -17.25    -4.39     2.06     6.01
  146.24   -17.25   -23.42   -12.87    19.15
  146.92   -17.25   -20.20    -3.76    13.93
  147.59   -17.25     9.93     1.93   -12.67
  148.26   -17.25    12.03     7.56   -13.87
  148.94   -17.25    -3.90    -0.08     6.77
  149.61   -17.25   -54.22   -42.07    42.14
  150.28   -17.25  -134.06   -71.09    81.56
  150.96   -17.25  -111.59   -42.61    45.88
  151.63   -17.25   -20.45    -3.79    25.97
  152.30   -17.25   -29.17   -15.31    33.82
  152.98   -17.25     2.78     3.08    -2.09
  153.65   -17.25    -2.43     4.13     3.01
  154.32   -17.25    -8.79    -2.27     6.73
  155.00   -17.25   -60.08    -9.34    59.66
  155.67   -17.25   -84.16   -43.20    55.50
  156.34   -17.25     1.25    -1.05    -8.75
  157.02   -17.25   -66.41   -25.51    81.20
  157.69   -17.25  -255.37  -102.11   123.28
  158.36   -17.25  -185.12   -70.17    43.54
  159.04   -17.25   -45.95   -48.55     6.83
  159.71   -17.25   -76.49   -67.96    34.38
  160.38   -17.25  -200.17  -136.39    43.34
  161.06   -17.25   -40.88   -26.22    15.98
  161.73   -17.25   -73.51   -48.44    18.47
  162.40   -17.25    -5.19   -10.12     0.79
  163.08   -17.25   -32.57   -36.35    20.23
  163.75   -17.25   -25.32   -36.71    22.83
  164.42   -17.25   -59.77   -14.82    22.93
  165.10   -17.25   -81.33   -48.17    22.09
  165.77   -17.25   -25.06   -27.28    24.69
  166.44   -17.25    -6.78   -11.84     9.49
  167.12   -17.25     2.85    -3.56     5.95
  167.79   -17.25    24.02    24.26    -6.15
  168.46   -17.25    12.48    19.11     1.10
  169.14   -17.25     7.42    10.21    -6.43
  169.81   -17.25    -0.46    -4.83    -7.92
  170.48   -17.25    87.22    43.81   -72.66
  171.16   -17.25   267.92    56.85  -113.44
  171.83   -17.25   363.65    71.82   -64.36
  172.50   -17.25   378.11    75.99    68.07
  173.18   -17.25    55.70    34.56    65.59
  173.85   -17.25    49.71    49.47     7.05
  174.52   -17.25   171.72    62.89    55.89
  175.20   -17.25    15.60    18.97     8.20
  175.87   -17.25     4.42     9.15    -2.53
  176.54   -17.25    20.09    29.22    -1.70
  177.22   -17.25     2.85     6.74     1.30
  177.89   -17.25    -3.84    -6.42     0.48
  178.56   -17.25    -4.40    -9.80    -2.28
  179.24   -17.25    -1.63    -6.78     3.05
  179.91   -17.25     8.19    11.64    -2.06
  180.58   -17.25    -4.66    -9.59    -0.87
  181.26   -17.25    -3.02    -5.96    -4.83
  181.93   -17.25    -7.11   -12.14    -8.11
  145.57   -16.55   -23.47    -7.98    25.77
  146.24   -16.55   -36.43    -6.79    31.09
  146.92   -16.55   -33.73    -7.05    33.57
  147.59   -16.55   -29.12   -13.00    24.82
  148.26   -16.55    -8.85     4.40    13.32
  148.94   -16.55  -284.53   -40.10   189.40
  149.61   -16.55  -537.33   -60.81   123.51
  150.28   -16.55  -192.43   -82.79   -57.65
  150.96   -16.55   206.73    70.33  -126.25
  151.63   -16.55   178.50   131.77   -36.98
  152.30   -16.55   -28.70   -14.78    29.58
  152.98   -16.55     6.76     2.15   -10.64
  153.65   -16.55    11.63     3.52   -19.85
  154.32   -16.55     1.61     8.13     1.83
  155.00   -16.55   -58.35   -17.42    57.60
  155.67   -16.55  -152.15   -50.22   104.04
  156.34   -16.55  -122.91   -63.79    60.46
  157.02   -16.55  -170.73   -74.60   117.78
  157.69   -16.55  -339.45   -86.23   156.93
  158.36   -16.55  -263.51  -103.02    68.98
  159.04   -16.55  -253.84  -100.09    21.22
  159.71   -16.55  -148.90   -48.05    69.47
  160.38   -16.55  -358.48  -111.10   103.65
  161.06   -16.55  -249.20  -170.03   -67.86
  161.73   -16.55   -14.21   -23.31    -2.90
  162.40   -16.55   -30.27   -31.78     3.34
  163.08   -16.55   -16.21   -26.08     9.75
  163.75   -16.55   -26.07   -39.86    23.51
  164.42   -16.55     7.30    16.37     1.96
  165.10   -16.55   -61.85    -7.70    32.04
  165.77   -16.55   -74.65   -38.38    14.27
  166.44   -16.55   -23.76   -40.36    20.64
  167.12   -16.55   -13.58   -29.98    10.80
  167.79   -16.55     5.04     3.95     0.61
  168.46   -16.55   -13.33   -30.24     1.66
  169.14   -16.55     8.78    -1.13    -1.75
  169.81   -16.55    42.51    41.68   -23.83
  170.48   -16.55    31.91    44.86   -23.15
  171.16   -16.55    30.62    30.60   -20.44
  171.83   -16.55   181.40    30.51   -45.00
  172.50   -16.55   184.48    45.04     5.50
  173.18   -16.55   223.84    59.53    63.69
  173.85   -16.55    85.55    42.93    25.77
  174.52   -16.55    38.47    46.91    12.06
  175.20   -16.55    46.85    36.07     9.68
  175.87   -16.55    10.43    23.46     2.72
  176.54   -16.55    28.51    31.84     7.71
  177.22   -16.55    26.69    28.61    10.26
  177.89   -16.55     8.78    21.20     0.07
  178.56   -16.55    -3.54    -5.03    -7.38
  179.24   -16.55    -0.67    -2.68     1.35
  179.91   -16.55    11.55    10.11     7.37
  180.58   -16.55    25.14    25.54    13.99
  181.26   -16.55     0.44     0.74     0.54
  181.93   -16.55    -7.92   -15.65    -5.86
  145.57   -15.84   -31.25   -10.48    32.12
  146.24   -15.84    -3.72    -0.91     3.55
  146.92   -15.84    -5.46    -3.18     5.60
  147.59   -15.84   -45.11     8.31    35.69
  148.26   -15.84   -28.55     0.64    30.54
  148.94   -15.84  -128.91    52.67    88.10
  149.61   -15.84  -135.10    52.08    19.71
  150.28   -15.84     5.43   -22.60   -61.09
  150.96   -15.84   216.15   -68.74  -107.65
  151.63   -15.84   328.72    -3.76   -15.10
  152.30   -15.84    22.08    25.24     5.70
  152.98   -15.84     4.02     5.86    -3.96
  153.65   -15.84    11.81     5.52   -11.52
  154.32   -15.84    -0.83     8.50     7.48
  155.00   -15.84  -187.27    -9.49   148.51
  155.67   -15.84  -279.14   -45.12   136.11
  156.34   -15.84  -136.87   -14.07    61.52
  157.02   -15.84  -141.32    18.52    99.89
  157.69   -15.84  -202.95     9.84   125.47
  158.36   -15.84  -305.41   -65.37    85.67
  159.04   -15.84   -86.52   -20.12    34.99
  159.71   -15.84   -78.07   -38.03    44.78
  160.38   -15.84  -147.96   -21.00    75.14
  161.06   -15.84  -147.58   -33.23    18.24
  161.73   -15.84  -113.37   -73.24     6.62
  162.40   -15.84  -184.36  -154.54    35.79
  163.08   -15.84   -87.81  -101.95   -64.86
  163.75   -15.84   -34.20   -45.91   -26.85
  164.42   -15.84   -63.10   -45.22   -33.43
  165.10   -15.84   -74.77   -51.48   -26.82
  165.77   -15.84   -29.82   -12.81   -21.74
  166.44   -15.84   -50.31   -54.35    22.79
  167.12   -15.84   -15.80   -25.05    15.38
  167.79   -15.84    19.19    19.79    -8.28
  168.46   -15.84    28.12    25.04    10.28
  169.14   -15.84    19.34    17.14   -13.82
  169.81   -15.84    24.45    30.88   -21.18
  170.48   -15.84    17.98    33.36   -10.17
  171.16   -15.84    12.78    19.11    -8.91
  171.83   -15.84   141.02    38.97   -58.60
  172.50   -15.84   228.63   120.27    11.43
  173.18   -15.84    70.08    46.32    12.94
  173.85   -15.84   167.10    48.84    30.24
  174.52   -15.84    88.68    39.21    31.90
  175.20   -15.84    -2.72    -9.38    -5.09
  175.87   -15.84    41.33    43.04    -8.90
  176.54   -15.84    64.84    40.02    15.15
  177.22   -15.84    62.96    44.19    22.95
  177.89   -15.84    -4.78   -11.22     0.51
  178.56   -15.84     8.32    15.13     6.50
  179.24   -15.84     5.41     6.85    10.75
  179.91   -15.84    27.84    33.71     8.78
  180.58   -15.84    17.18     3.00     2.38
  181.26   -15.84     4.61     8.78     7.63
  181.93   -15.84    -7.52   -16.57    -3.43
  145.57   -15.14     4.03     4.31    -2.01
  146.24   -15.14     2.09    10.47     1.67
  146.92   -15.14   -21.30    -9.32    19.05
  147.59   -15.14   -63.81   -11.99    43.21
  148.26   -15.14   -31.99   -11.98    34.08
  148.94   -15.14   -22.69    -3.86    24.24
  149.61   -15.14   -24.85    -3.71    25.76
  150.28   -15.14    -6.31    -1.84     8.85
  150.96   -15.14    13.06    11.55   -11.07
  151.63   -15.14    70.28    17.21   -29.52
  152.30   -15.14     4.15     2.46    -5.82
  152.98   -15.14   -15.47    -8.50    15.99
  153.65   -15.14    -5.66    -8.94     3.30
  154.32   -15.14   -14.63    -6.17    22.53
  155.00   -15.14   -64.28    14.15    64.86
  155.67   -15.14  -154.43    17.66   108.83
  156.34   -15.14   -34.06    -5.13    28.64
  157.02   -15.14  -104.10   -21.98    74.71
  157.69   -15.14  -123.51    -1.77    82.66
  158.36   -15.14  -232.87   -10.33    98.48
  159.04   -15.14   -59.69   -25.49    39.23
  159.71   -15.14  -191.71  -181.38    98.49
  160.38   -15.14  -127.23  -133.42    28.03
  161.06   -15.14   -47.43   -60.73   -12.71
  161.73   -15.14   -91.55  -113.38    21.86
  162.40   -15.14  -181.24  -136.58    42.23
  163.08   -15.14    33.62  -208.32   -32.17
  163.75   -15.14   -54.28    -7.93   -10.34
  164.42   -15.14    23.73   200.02  -101.71
  165.10   -15.14   131.62   152.09  -263.45
  165.77   -15.14   188.32   147.42   -60.77
  166.44   -15.14   -26.36   -52.43     7.31
  167.12   -15.14   -24.40   -46.32    10.80
  167.79   -15.14    28.48    17.84    -8.52
  168.46   -15.14    72.18    39.91    -2.47
  169.14   -15.14     0.19    -0.51     0.21
  169.81   -15.14   -32.23   -46.81     7.47
  170.48   -15.14    24.05    37.59   -20.22
  171.16   -15.14    12.73    25.83    -4.21
  171.83   -15.14    45.68    10.88   -36.97
  172.50   -15.14   353.10    20.88   -10.51
  173.18   -15.14   131.16    43.85    61.73
  173.85   -15.14    60.01    36.92    -5.34
  174.52   -15.14    -1.63    -0.27    -0.01
  175.20   -15.14    13.16    27.80    -2.88
  175.87   -15.14    13.04    25.83    -1.71
  176.54   -15.14    23.65    37.09    -2.44
  177.22   -15.14    -0.05    -1.83     4.52
  177.89   -15.14   -11.74   -26.86    -4.61
  178.56   -15.14    18.67    10.43     6.62
  179.24   -15.14    17.49    24.80     9.82
  179.91   -15.14     3.07     7.15     2.49
  180.58   -15.14     0.94     4.01    -4.50
  181.26   -15.14    -0.02     0.09    -0.62
  181.93   -15.14    -0.13     0.08    -0.66
  145.57   -14.44    -2.50     1.80    -0.23
  146.24   -14.44   -39.01   -10.29    33.05
  146.92   -14.44     8.56    -0.15   -12.07
  147.59   -14.44   -19.89     0.75    13.94
  148.26   -14.44    -8.16    -2.21    11.16
  148.94   -14.44     3.88     9.21    -1.32
  149.61   -14.44   -14.49   -14.36    13.61
  150.28   -14.44    32.37    21.84   -22.62
  150.96   -14.44   -15.93   -16.60    13.18
  151.63   -14.44     7.99     9.36    -7.18
  152.30   -14.44     4.75     4.98    -2.14
  152.98   -14.44   -24.76   -14.73    26.92
  153.65   -14.44   -22.31    -4.93    26.54
  154.32   -14.44    -8.42    -8.06     8.97
  155.00   -14.44    -0.11     3.25     1.64
  155.67   -14.44  -133.51    -1.32   121.52
  156.34   -14.44  -238.13   -42.33   127.49
  157.02   -14.44  -184.34   -34.19    78.24
  157.69   -14.44   -63.57    -2.69    42.09
  158.36   -14.44  -179.47    22.07   128.37
  159.04   -14.44  -221.32    -2.07   123.54
  159.71   -14.44  -580.46  -112.63   304.98
  160.38   -14.44  -496.51  -269.40    30.40
  161.06   -14.44  -327.18  -344.48    78.14
  161.73   -14.44  -240.97  -254.89     1.65
  162.40   -14.44  -270.03  -318.81    26.62
  163.08   -14.44   -57.47  -499.58    68.74
  163.75   -14.44    56.80    79.81  -286.85
  164.42   -14.44   303.78   403.86  -534.29
  165.10   -14.44   346.16   534.92   -96.82
  165.77   -14.44   129.53   266.75    50.94
  166.44   -14.44    21.89   112.48    30.45
  167.12   -14.44    11.95    72.51    19.21
  167.79   -14.44   111.01    71.99    18.59
  168.46   -14.44     3.14     2.43    -4.25
  169.14   -14.44    -2.03    -4.47     3.25
  169.81   -14.44    31.27    37.43   -12.07
  170.48   -14.44    19.99    39.67    -9.13
  171.16   -14.44     2.95     4.53    -7.38
  171.83   -14.44    32.91    33.77    -8.46
  172.50   -14.44   165.53    25.04   -33.27
  173.18   -14.44    60.36    33.62    -7.91
  173.85   -14.44    23.28    31.13    -9.59
  174.52   -14.44    -3.58    -9.61    -1.71
  175.20   -14.44    -1.11    -2.65    -8.24
  175.87   -14.44     0.42     0.84    -1.90
  176.54   -14.44    -0.40    -4.90    -1.62
  177.22   -14.44    68.65    44.24    -3.25
  177.89   -14.44    77.26    57.54    21.92
  178.56   -14.44    17.24    21.58    13.36
  179.24   -14.44    15.19    25.99    -2.68
  179.91   -14.44     3.87     6.83     3.91
  180.58   -14.44     0.06    -3.41    -3.30
  181.26   -14.44    25.05    28.05    14.21
  181.93   -14.44    26.94    28.24    22.62
  145.57   -13.73   -25.72   -10.54    17.31
  146.24   -13.73   -29.09    -8.15    28.82
  146.92   -13.73    -8.72    -5.78    10.18
  147.59   -13.73     9.19     5.55    -9.40
  148.26   -13.73     2.69     2.26    -3.55
  148.94   -13.73    21.14    12.77   -12.30
  149.61   -13.73     9.55     8.95    -5.43
  150.28   -13.73    -2.66    -4.13     1.25
  150.96   -13.73    -1.57    -3.35     0.81
  151.63   -13.73     4.14     9.65    -1.62
  152.30   -13.73     6.57    12.57    -3.09
  152.98   -13.73   -17.11    -9.51    23.95
  153.65   -13.73   -19.24   -17.47    23.86
  154.32   -13.73    -6.50    -8.67     4.72
  155.00   -13.73    13.86     5.17   -27.58
  155.67   -13.73  -106.95    23.29   102.40
  156.34   -13.73  -235.98   -11.72   142.41
  157.02   -13.73   -46.84   -29.25    38.44
  157.69   -13.73   -90.26   -41.49    58.60
  158.36   -13.73  -137.41   -27.72    65.45
  159.04   -13.73   -52.37    30.64    73.96
  159.71   -13.73  -507.34   191.51   269.00
  160.38   -13.73  -715.41   -65.80   224.19
  161.06   -13.73  -631.44  -242.42  -110.24
  161.73   -13.73  -411.55  -209.27   -58.74
  162.40   -13.73  -364.65  -301.89  -193.36
  163.08   -13.73    10.40  -391.67  -322.91
  163.75   -13.73   253.80   -76.57  -641.49
  164.42   -13.73   873.72   127.46 -1037.13
  165.10   -13.73  1568.01   772.97  -241.35
  165.77   -13.73   549.60   766.27   502.28
  166.44   -13.73    44.88   216.88   197.91
  167.12   -13.73    81.67   144.87    57.81
  167.79   -13.73    51.49    54.91    30.48
  168.46   -13.73     5.44    10.50    -8.16
  169.14   -13.73     0.78     2.02    -1.90
  169.81   -13.73    11.84    17.58     2.90
  170.48   -13.73    13.38    12.67    -6.70
  171.16   -13.73    -5.17   -13.03     3.45
  171.83   -13.73    64.87    40.03   -23.73
  172.50   -13.73   178.64    42.99    11.53
  173.18   -13.73    18.02    38.34    -8.18
  173.85   -13.73    36.98    40.27    -6.33
  174.52   -13.73    40.48    33.34    -7.03
  175.20   -13.73    56.54    60.58    12.61
  175.87   -13.73    19.17    27.59     8.34
  176.54   -13.73     4.91    10.28    -0.44
  177.22   -13.73    10.04    10.47    -0.98
  177.89   -13.73     7.41    11.88     2.34
  178.56   -13.73     6.34    14.05     2.66
  179.24   -13.73     0.50     2.28    -0.27
  179.91   -13.73    10.49    22.03     7.39
  180.58   -13.73     4.97    12.63    -1.75
  181.26   -13.73     8.19    16.26     7.90
  181.93   -13.73     3.88     4.18     5.61
  145.57   -13.03    -2.17    -1.31     2.49
  146.24   -13.03   -11.61     1.30    16.82
  146.92   -13.03    -2.73     0.50     4.01
  147.59   -13.03   -16.37    -5.16    17.65
  148.26   -13.03   -16.62     1.37    19.35
  148.94   -13.03    -6.25     0.05     7.92
  149.61   -13.03   -10.36     3.59    16.18
  150.28   -13.03    10.25     7.09   -12.39
  150.96   -13.03   -41.51   -17.43    35.05
  151.63   -13.03   -36.63    -8.92    36.61
  152.30   -13.03   -19.56   -14.26    21.31
  152.98   -13.03    -4.76    -7.33     0.17
  153.65   -13.03    -9.39    -6.14    12.02
  154.32   -13.03   -13.74    -4.15    19.90
  155.00   -13.03    -5.44     3.43     2.51
  155.67   -13.03  -148.93    19.43   110.46
  156.34   -13.03  -233.99    40.38   166.99
  157.02   -13.03  -392.84   -45.21   141.21
  157.69   -13.03  -361.73   -32.92   111.64
  158.36   -13.03  -145.41    -9.92    45.17
  159.04   -13.03  -226.56    -5.06   113.76
  159.71   -13.03  -171.42    21.39    44.73
  160.38   -13.03  -324.07    36.22    70.02
  161.06   -13.03  -335.05   -41.48  -185.28
  161.73   -13.03  -183.45  -174.98   -86.22
  162.40   -13.03  -128.47  -303.24  -130.21
  163.08   -13.03   114.22  -347.90  -341.31
  163.75   -13.03   353.72  -574.26  -679.50
  164.42   -13.03   875.90  -627.71  -918.90
  165.10   -13.03  2183.09  -352.53  -311.92
  165.77   -13.03  1097.11   390.92  1017.41
  166.44   -13.03   192.29   364.98   412.08
  167.12   -13.03   130.28   164.16   126.06
  167.79   -13.03   112.73    81.98    41.06
  168.46   -13.03    22.33    33.22     7.82
  169.14   -13.03    10.27    19.73    -6.75
  169.81   -13.03    -1.03    -5.26    -6.73
  170.48   -13.03     5.21    12.06    -3.97
  171.16   -13.03    19.61    30.94   -22.35
  171.83   -13.03     9.25    21.61    -8.01
  172.50   -13.03   136.68    54.30     7.91
  173.18   -13.03     8.55    16.51     0.64
  173.85   -13.03     8.96    24.21    -2.01
  174.52   -13.03    10.61    11.44    -4.68
  175.20   -13.03   135.44    42.60    12.00
  175.87   -13.03    44.29    42.55     2.17
  176.54   -13.03   118.71    58.49    34.16
  177.22   -13.03     4.85    12.93    -7.24
  177.89   -13.03     1.02     2.38     2.04
  178.56   -13.03    30.43    37.35    11.95
  179.24   -13.03    29.87    26.74    22.50
  179.91   -13.03     9.69    18.26     2.86
  180.58   -13.03    21.51    11.92     5.21
  181.26   -13.03    -8.12   -20.31    -5.98
  181.93   -13.03     1.33     0.13     3.86
  145.57   -12.33     4.95     5.87     1.51
  146.24   -12.33    -3.67     2.76     6.18
  146.92   -12.33   -10.70    -1.04    14.08
  147.59   -12.33   -18.56     3.76    27.23
  148.26   -12.33    -3.83    -1.55     5.50
  148.94   -12.33     8.69     9.54    -8.50
  149.61   -12.33    -4.67    -0.20     8.81
  150.28   -12.33    -1.95     2.40     5.70
  150.96   -12.33   -11.87    -4.11    10.45
  151.63   -12.33   -25.52    -6.72    22.78
  152.30   -12.33    -5.55    -2.93     8.52
  152.98   -12.33    -3.76    -6.00     3.05
  153.65   -12.33   -12.97    -8.88    18.78
  154.32   -12.33    -0.28     2.00    -0.25
  155.00   -12.33   -19.31    -9.53    25.43
  155.67   -12.33   -13.83     2.89    22.51
  156.34   -12.33   -88.51    57.18    67.02
  157.02   -12.33  -108.98    60.07    48.98
  157.69   -12.33  -143.16    83.69    95.28
  158.36   -12.33  -210.84    21.55    68.91
  159.04   -12.33  -225.18    80.49   112.07
  159.71   -12.33  -336.92    38.52    44.32
  160.38   -12.33  -314.32    10.20   -16.37
  161.06   -12.33  -298.86   -52.92    -8.03
  161.73   -12.33  -443.01  -222.52   -84.08
  162.40   -12.33  -116.90  -373.31  -210.09
  163.08   -12.33     2.28  -372.31  -119.62
  163.75   -12.33    97.20  -550.33  -343.58
  164.42   -12.33   363.31  -745.44  -564.45
  165.10   -12.33   836.84  -942.28  -353.75
  165.77   -12.33   904.79  -298.26   373.89
  166.44   -12.33   639.17   548.28   370.75
  167.12   -12.33   190.77   365.69   407.35
  167.79   -12.33    44.50    60.88    74.14
  168.46   -12.33    11.98    21.76    -8.27
  169.14   -12.33    16.75    32.75   -12.02
  169.81   -12.33    12.66    13.02    -8.01
  170.48   -12.33     7.71    19.06    -7.61
  171.16   -12.33    35.69    46.43    -9.12
  171.83   -12.33    14.58    25.47   -10.23
  172.50   -12.33   116.49    43.20   -11.22
  173.18   -12.33    69.62    50.24    19.60
  173.85   -12.33     1.73     3.00    -0.60
  174.52   -12.33     3.87    10.93    -4.85
  175.20   -12.33     7.16    14.38    10.56
  175.87   -12.33    13.10    26.63     0.07
  176.54   -12.33    27.87    33.46     4.21
  177.22   -12.33    -0.64    -3.62    -3.63
  177.89   -12.33    -2.85    -6.99    -3.65
  178.56   -12.33    -3.89   -13.27     0.36
  179.24   -12.33    11.15     6.95     2.45
  179.91   -12.33     6.05     9.10     4.49
  180.58   -12.33    43.26    31.42    18.16
  181.26   -12.33    38.86    41.21    11.59
  181.93   -12.33   120.77    57.60    28.57
  145.57   -11.62   -17.26    -2.98    22.61
  146.24   -11.62     0.07    -0.48    -0.48
  146.92   -11.62   -15.69    -6.72    16.38
  147.59   -11.62     3.67    10.12    -2.03
  148.26   -11.62     4.52     3.55    -5.07
  148.94   -11.62     3.32     7.13    -1.84
  149.61   -11.62     3.06     9.97    -0.09
  150.28   -11.62     3.91     0.31    -7.36
  150.96   -11.62     6.52     8.44    -7.69
  151.63   -11.62    -4.73     1.09     7.09
  152.30   -11.62   -23.87   -12.05    31.44
  152.98   -11.62    16.12    11.71   -21.28
  153.65   -11.62    -5.06    -2.19     7.87
  154.32   -11.62     5.22     3.10    -9.05
  155.00   -11.62   -13.76    -4.45    23.49
  155.67   -11.62   -15.83   -16.47    18.05
  156.34   -11.62    -8.59   -14.33     7.89
  157.02   -11.62   -89.26   -35.30    62.87
  157.69   -11.62   -72.54    14.55    55.39
  158.36   -11.62   -61.64     3.68    26.39
  159.04   -11.62   -47.93    14.26    38.39
  159.71   -11.62  -251.34    66.24    49.53
  160.38   -11.62  -169.28    -8.26   -14.52
  161.06   -11.62   -90.64   -28.07    33.13
  161.73   -11.62  -148.89   -39.47    79.28
  162.40   -11.62  -449.76  -320.83   -87.52
  163.08   -11.62  -133.41  -419.13  -167.94
  163.75   -11.62   -28.04   -31.46  -557.75
  164.42   -11.62   197.51  -180.66  -414.98
  165.10   -11.62   357.92  -507.09  -224.92
  165.77   -11.62   770.68  -448.92  -349.80
  166.44   -11.62  1233.90  -292.97   133.50
  167.12   -11.62   792.81     0.35   769.53
  167.79   -11.62    36.98    20.69   139.79
  168.46   -11.62   129.96    63.13    11.83
  169.14   -11.62    31.91    38.08     0.12
  169.81   -11.62    24.58    41.96   -11.37
  170.48   -11.62    90.08    76.86   -11.77
  171.16   -11.62    78.54    65.55     3.02
  171.83   -11.62    50.61    51.12    -9.62
  172.50   -11.62    53.73    42.62   -11.84
  173.18   -11.62   132.46    55.45     6.76
  173.85   -11.62   116.52    63.63    38.15
  174.52   -11.62    18.65    34.89     5.30
  175.20   -11.62    11.57    24.70     3.51
  175.87   -11.62    47.66    37.82     0.31
  176.54   -11.62    22.24    29.51    -2.34
  177.22   -11.62     3.10    10.21    -1.25
  177.89   -11.62     1.76     4.79     2.30
  178.56   -11.62     5.82    16.21     7.01
  179.24   -11.62    -5.74   -15.58    -2.13
  179.91   -11.62    16.39    21.35     6.93
  180.58   -11.62     3.88     0.63     0.85
  181.26   -11.62    17.89    30.69    11.58
  181.93   -11.62    35.13    28.33    10.06
  145.57   -10.92   -14.27    -6.87    18.36
  146.24   -10.92    26.61     5.55   -30.74
  146.92   -10.92    -3.60     1.26     4.19
  147.59   -10.92   -67.09   -20.33    43.13
  148.26   -10.92   -13.01     4.94    20.88
  148.94   -10.92     1.03     3.63    -1.19
  149.61   -10.92    -6.97     3.40    11.48
  150.28   -10.92    -7.28     4.92    12.44
  150.96   -10.92     4.17     3.48    -6.21
  151.63   -10.92   -12.48     1.29     5.83
  152.30   -10.92   -12.59    -2.81    11.70
  152.98   -10.92    59.66    32.50   -38.47
  153.65   -10.92     9.69    13.67     4.86
  154.32   -10.92   -50.68     0.35    43.10
  155.00   -10.92   -11.58   -10.04    16.62
  155.67   -10.92   -19.09    -1.09    30.32
  156.34   -10.92   -98.49    11.56    71.20
  157.02   -10.92  -208.84    25.39    78.22
  157.69   -10.92   -87.00   -14.82    31.61
  158.36   -10.92   -31.46   -27.99    29.47
  159.04   -10.92   -55.97     5.21    53.91
  159.71   -10.92  -257.46    46.85    29.07
  160.38   -10.92   -42.26    -0.96    76.30
  161.06   -10.92   -24.13   -18.12    47.08
  161.73   -10.92   -51.66   -27.07    47.62
  162.40   -10.92  -250.03   -88.75    19.98
  163.08   -10.92  -228.26  -252.97    -8.94
  163.75   -10.92  -299.89  -205.43  -317.81
  164.42   -10.92   174.18   -49.30  -248.35
  165.10   -10.92    71.70  -281.76   -84.79
  165.77   -10.92   172.73  -445.58  -152.40
  166.44   -10.92   271.21  -590.84   -29.33
  167.12   -10.92   130.32  -390.67   196.69
  167.79   -10.92     6.25   -12.69    22.27
  168.46   -10.92    40.23    19.65     0.14
  169.14   -10.92    75.75    43.85   -21.14
  169.81   -10.92   189.64    89.28   -11.15
  170.48   -10.92   116.12    71.76     4.22
  171.16   -10.92   158.39    60.65     1.31
  171.83   -10.92    53.90    41.91     0.67
  172.50   -10.92    33.33    42.26    -9.33
  173.18   -10.92     9.48    22.63    -6.96
  173.85   -10.92    45.04    36.01    -0.64
  174.52   -10.92   174.09   102.96    47.12
  175.20   -10.92     8.44    25.11     4.93
  175.87   -10.92     7.87    19.48    -5.86
  176.54   -10.92     5.08    11.43     4.73
  177.22   -10.92     0.01     1.18    -1.77
  177.89   -10.92     0.98     4.39    -7.35
  178.56   -10.92    -4.30   -14.86    -5.03
  179.24   -10.92    -3.92   -10.97     2.08
  179.91   -10.92    71.93    47.15    22.56
  180.58   -10.92   101.54    38.66    41.27
  181.26   -10.92    45.30    44.14    25.31
  181.93   -10.92     6.67    13.27     7.12
  145.57   -10.22   -11.01    -2.59    13.09
  146.24   -10.22   -14.79    -2.02    19.20
  146.92   -10.22    10.43     7.43   -12.55
  147.59   -10.22   -73.74    11.36    44.09
  148.26   -10.22   -12.47    -3.97    17.48
  148.94   -10.22   -20.76     1.62    15.49
  149.61   -10.22   -11.58    -0.34    11.86
  150.28   -10.22    -0.66     6.42     3.22
  150.96   -10.22     8.86     8.24   -10.68
  151.63   -10.22    -7.80    -1.03     9.78
  152.30   -10.22     3.66     0.41    -7.88
  152.98   -10.22     0.71     4.20    -1.93
  153.65   -10.22   -10.69     1.45    21.36
  154.32   -10.22   -38.43    -1.15    41.14
  155.00   -10.22     2.42    -0.68    -3.64
  155.67   -10.22   -12.63    -1.89    14.11
  156.34   -10.22   -81.42    -5.34    49.30
  157.02   -10.22   -30.76   -17.53    41.69
  157.69   -10.22   -12.26   -10.71    20.02
  158.36   -10.22   -10.61    -7.75    16.64
  159.04   -10.22   -24.93    -9.50    27.52
  159.71   -10.22  -160.45    26.35    66.58
  160.38   -10.22  -113.72   -26.13    10.08
  161.06   -10.22   -38.29   -33.62    23.98
  161.73   -10.22   -71.41   -31.83    35.07
  162.40   -10.22  -225.70   -58.55    36.08
  163.08   -10.22  -200.34   -61.78     6.48
  163.75   -10.22  -121.82    77.82  -176.41
  164.42   -10.22    73.38   -18.23  -315.39
  165.10   -10.22   182.46   -25.19  -145.52
  165.77   -10.22    11.49   -85.68   -28.47
  166.44   -10.22    21.96   -52.54   -41.39
  167.12   -10.22    95.33    45.53    -5.51
  167.79   -10.22    19.26    42.81   -13.54
  168.46   -10.22    -0.59    -2.40    -1.90
  169.14   -10.22    10.09    18.70    -8.44
  169.81   -10.22    67.21    36.67   -32.06
  170.48   -10.22   171.51    53.17   -52.95
  171.16   -10.22   290.51   100.82     9.52
  171.83   -10.22    69.82    65.64    28.08
  172.50   -10.22    10.98    25.49    -3.78
  173.18   -10.22     8.79    26.00    -5.18
  173.85   -10.22     6.03     7.68   -14.11
  174.52   -10.22   377.54    55.12     7.71
  175.20   -10.22    89.65    53.24    62.49
  175.87   -10.22    27.10    43.06    20.84
  176.54   -10.22     5.51    17.20     1.41
  177.22   -10.22    20.97    19.81     8.65
  177.89   -10.22    -0.44    -0.33    -4.06
  178.56   -10.22    -0.80    -2.68    -2.47
  179.24   -10.22     6.73    14.16     5.35
  179.91   -10.22    11.50    27.19    11.18
  180.58   -10.22     8.20    13.49     6.13
  181.26   -10.22    12.83    28.12     7.72
  181.93   -10.22    19.49    25.24    12.32
  145.57    -9.51   -10.27    -5.17    13.89
  146.24    -9.51    22.09     7.61   -20.22
  146.92    -9.51    -4.31     3.07     6.17
  147.59    -9.51   -16.87    -7.62    17.89
  148.26    -9.51   -25.79    -1.18    30.68
  148.94    -9.51   -38.76     0.35    32.32
  149.61    -9.51   -20.38     3.70    18.52
  150.28    -9.51   -15.75    -7.31    21.86
  150.96    -9.51    -5.05     0.54     8.67
  151.63    -9.51    -5.94    -2.88     7.28
  152.30    -9.51   -11.05    -0.89    17.51
  152.98    -9.51    -2.39     5.11     2.55
  153.65    -9.51    -0.21     1.51    -2.73
  154.32    -9.51   -51.13    -7.94    35.84
  155.00    -9.51    -6.53    -0.66     9.06
  155.67    -9.51   -10.47    -1.73    23.71
  156.34    -9.51   -23.31   -12.62    37.40
  157.02    -9.51    -6.77   -15.15     6.03
  157.69    -9.51    -8.21     1.16    11.76
  158.36    -9.51   -33.05   -15.16    33.54
  159.04    -9.51   -43.77    -8.66    32.43
  159.71    -9.51   -64.50    -8.82    39.65
  160.38    -9.51   -86.25   -11.31    10.95
  161.06    -9.51   -57.18   -18.49    43.79
  161.73    -9.51  -142.25   -29.44    61.50
  162.40    -9.51  -227.22   -56.25    -4.59
  163.08    -9.51  -230.62   -79.54    -2.53
  163.75    -9.51  -198.38  -112.85   -25.37
  164.42    -9.51  -236.56  -102.37  -113.97
  165.10    -9.51   -10.19   -38.92  -206.93
  165.77    -9.51     3.86    -1.17     7.76
  166.44    -9.51    30.44     8.99   -50.96
  167.12    -9.51   356.93     9.66   -98.44
  167.79    -9.51    21.89    21.11   -11.44
  168.46    -9.51    -3.32    -9.26    -1.67
  169.14    -9.51     7.75    21.58    -6.06
  169.81    -9.51    37.90    48.18   -14.63
  170.48    -9.51    91.97    20.44   -31.18
  171.16    -9.51   252.07    15.69   -31.96
  171.83    -9.51   179.50    49.08     6.89
  172.50    -9.51    35.89    37.84    -2.21
  173.18    -9.51    11.68    33.70    -9.97
  173.85    -9.51    29.99    11.10   -20.87
  174.52    -9.51   221.00    37.56     9.30
  175.20    -9.51    43.58    42.64    -2.27
  175.87    -9.51    36.01    26.78    10.56
  176.54    -9.51    -1.38    -3.86    -1.05
  177.22    -9.51    10.00    10.92     0.66
  177.89    -9.51     3.55    10.96    -0.58
  178.56    -9.51    14.16    11.48    -3.96
  179.24    -9.51    48.58    41.15    16.21
  179.91    -9.51   119.11    56.53    20.21
  180.58    -9.51    50.64    48.12    31.27
  181.26    -9.51    62.85    49.76    30.41
  181.93    -9.51    86.70    37.42    34.91
  145.57    -8.81    -6.25    -0.73     8.12
  146.24    -8.81    -4.68     4.78     5.75
  146.92    -8.81   -11.67     3.43    17.98
  147.59    -8.81    -1.27     4.15     2.63
  148.26    -8.81    -8.79    -4.64    11.75
  148.94    -8.81    -1.82     8.24     0.52
  149.61    -8.81    -7.48     4.56    10.79
  150.28    -8.81     1.05     3.13    -3.49
  150.96    -8.81   -12.91    -3.66    18.00
  151.63    -8.81     2.17    -0.16    -1.29
  152.30    -8.81   -23.88    -5.76    30.14
  152.98    -8.81    -2.52    -4.93     1.65
  153.65    -8.81    -3.33    -4.93     0.30
  154.32    -8.81   -14.40    -8.01    17.54
  155.00    -8.81  -175.18   -24.48    84.51
  155.67    -8.81  -156.59   -17.19    43.80
  156.34    -8.81   -40.69   -22.08    28.33
  157.02    -8.81    -4.60    -6.68     6.40
  157.69    -8.81     0.95     6.91    -3.27
  158.36    -8.81   -20.03   -14.33    28.03
  159.04    -8.81   -88.33   -17.50    51.25
  159.71    -8.81   -68.75    -1.76    31.82
  160.38    -8.81   -17.42   -13.77    27.92
  161.06    -8.81   -24.51   -17.14    32.22
  161.73    -8.81  -109.47     6.86    53.63
  162.40    -8.81  -132.07    -0.86    25.00
  163.08    -8.81  -116.97    -5.35     7.03
  163.75    -8.81  -129.76    -8.18    24.84
  164.42    -8.81   -50.31   -23.00    19.44
  165.10    -8.81  -119.78   -12.91   -19.02
  165.77    -8.81   -61.83   -44.09    43.95
  166.44    -8.81     4.59   -11.02     3.52
  167.12    -8.81    49.36    -0.78   -39.94
  167.79    -8.81    -0.04    -3.26     6.83
  168.46    -8.81     6.16    17.80    -7.63
  169.14    -8.81     2.33     5.14   -10.07
  169.81    -8.81    24.53    36.98   -22.69
  170.48    -8.81    15.27    23.47   -21.17
  171.16    -8.81    81.89    29.44   -17.67
  171.83    -8.81    20.61    47.34   -17.96
  172.50    -8.81    47.81    58.45    -1.42
  173.18    -8.81    32.35    52.81    -8.60
  173.85    -8.81    94.24    54.26    -1.39
  174.52    -8.81    29.58    46.80   -19.21
  175.20    -8.81    54.20    44.82    -5.09
  175.87    -8.81    -5.09    -9.05    -0.52
  176.54    -8.81     1.05     3.32     0.18
  177.22    -8.81    -1.80    -8.50     3.16
  177.89    -8.81     0.74     5.12    -1.86
  178.56    -8.81    22.08    36.70     6.67
  179.24    -8.81    -1.32    -3.98     3.08
  179.91    -8.81    19.05    34.00     9.73
  180.58    -8.81     7.02    13.06    12.03
  181.26    -8.81    11.61    34.75     4.40
  181.93    -8.81    31.69    24.58    34.04
  145.57    -8.11   -30.34     0.62    35.43
  146.24    -8.11   -36.29    -6.94    34.83
  146.92    -8.11   -67.36   -13.85    28.94
  147.59    -8.11    -6.86     3.52     9.90
  148.26    -8.11     4.73    -2.16    -8.00
  148.94    -8.11   -66.95     8.54    56.91
  149.61    -8.11   -41.55    -3.12    31.76
  150.28    -8.11    -5.16    -0.91     7.86
  150.96    -8.11   -16.09    -3.31    25.32
  151.63    -8.11     8.80    10.80   -11.04
  152.30    -8.11    -4.68    -2.45     6.90
  152.98    -8.11   -11.36    -1.02    20.25
  153.65    -8.11   -30.83    -5.66    27.73
  154.32    -8.11   -61.44     3.81    51.84
  155.00    -8.11   -70.54     3.57    44.15
  155.67    -8.11   -39.57   -10.15    41.17
  156.34    -8.11   -48.60    -5.01    32.99
  157.02    -8.11     2.38     1.46    -6.13
  157.69    -8.11     2.08     4.82    -1.24
  158.36    -8.11   -10.80    -2.72    12.89
  159.04    -8.11   -23.67    -9.14    31.71
  159.71    -8.11   -14.91   -15.05    24.86
  160.38    -8.11    -2.89    -2.66     5.63
  161.06    -8.11   -38.39    -4.80    40.93
  161.73    -8.11  -104.27   -25.92    38.88
  162.40    -8.11   -97.60    22.37    49.04
  163.08    -8.11   -58.67   -15.75    22.20
  163.75    -8.11   -71.63   -13.26    28.31
  164.42    -8.11   -22.95   -18.94    25.14
  165.10    -8.11   -23.08   -25.97    15.34
  165.77    -8.11   -29.59   -41.01    36.58
  166.44    -8.11   -13.26   -23.63    19.23
  167.12    -8.11   -67.49   -33.46    18.93
  167.79    -8.11    -7.89   -15.93    10.52
  168.46    -8.11     6.06    12.10   -12.45
  169.14    -8.11    10.32    22.86   -21.20
  169.81    -8.11   131.65    39.24   -65.85
  170.48    -8.11   102.86    75.60   -31.97
  171.16    -8.11   119.23    46.60   -13.74
  171.83    -8.11    12.63    34.26   -12.75
  172.50    -8.11    24.24    45.59    -6.96
  173.18    -8.11    52.22    59.67     6.18
  173.85    -8.11   124.17    49.02    26.09
  174.52    -8.11    18.80    36.82    -4.57
  175.20    -8.11   128.88    54.11    16.25
  175.87    -8.11    23.36    31.05    27.65
  176.54    -8.11     3.73    13.79    -0.55
  177.22    -8.11     3.98    11.88     4.01
  177.89    -8.11    -1.08     2.49    -6.43
  178.56    -8.11    13.44    34.63    18.89
  179.24    -8.11    -0.58    -1.93    -0.17
  179.91    -8.11     5.76     8.96     7.89
  180.58    -8.11    87.92    34.07     0.41
  181.26    -8.11    45.70    25.06    26.81
  181.93    -8.11     5.71    14.20     8.16
  145.57    -7.40   -11.98    -5.25    14.11
  146.24    -7.40   -21.05     7.27    25.89
  146.92    -7.40   -30.61    -6.11    26.34
  147.59    -7.40   -22.35     2.22    24.37
  148.26    -7.40   -14.13     1.30    22.80
  148.94    -7.40    -9.35    13.90    11.73
  149.61    -7.40   -34.70     5.39    31.27
  150.28    -7.40   -10.12    -3.70    15.42
  150.96    -7.40   -30.84    -3.63    29.93
  151.63    -7.40    -0.35     0.14    -0.65
  152.30    -7.40     9.33    13.01    -9.00
  152.98    -7.40   -43.55    -5.96    52.37
  153.65    -7.40  -166.61   -13.26    89.31
  154.32    -7.40   -34.43    -8.95    44.35
  155.00    -7.40   -12.62    -7.46    18.48
  155.67    -7.40   -16.08    -7.87    27.81
  156.34    -7.40    -7.96    -4.23     7.38
  157.02    -7.40    -7.23    -1.94    13.60
  157.69    -7.40   -10.21    -8.11    20.55
  158.36    -7.40   -12.04     1.50    16.26
  159.04    -7.40    -3.39    -3.44     6.19
  159.71    -7.40    -7.15    -8.39    14.69
  160.38    -7.40   -10.49   -13.49    19.88
  161.06    -7.40   -25.32   -16.76    22.74
  161.73    -7.40   -63.03   -26.69    35.94
  162.40    -7.40   -34.13   -29.56    34.29
  163.08    -7.40   -13.06   -20.58    24.08
  163.75    -7.40    -7.19    -6.87    11.13
  164.42    -7.40   -21.42   -27.72    28.52
  165.10    -7.40    -9.54   -11.43    18.91
  165.77    -7.40   -12.53   -20.68    15.98
  166.44    -7.40    -1.26    -4.31     0.16
  167.12    -7.40     0.68     0.02    -3.17
  167.79    -7.40    50.62    19.59   -30.88
  168.46    -7.40    38.99    41.76   -24.67
  169.14    -7.40     5.25    12.23    -9.65
  169.81    -7.40    39.79    -1.49   -49.62
  170.48    -7.40   252.04    26.83   -60.03
  171.16    -7.40   199.05    54.92    21.80
  171.83    -7.40   110.57    65.52   -32.87
  172.50    -7.40   213.51    95.24   -33.86
  173.18    -7.40   210.43    22.26    64.75
  173.85    -7.40    30.70    48.49    -8.88
  174.52    -7.40    61.14    30.04    10.42
  175.20    -7.40    57.07    43.66     0.82
  175.87    -7.40   111.41    47.88    40.05
  176.54    -7.40     7.75    27.59    -2.60
  177.22    -7.40     1.18    -0.95     1.53
  177.89    -7.40    -0.09    -1.20   -10.09
  178.56    -7.40     0.45    -2.83    -1.77
  179.24    -7.40    -1.80    -7.43     2.60
  179.91    -7.40     2.11     7.19     3.07
  180.58    -7.40    32.72    41.07    30.88
  181.26    -7.40     4.16     4.08    10.25
  181.93    -7.40    -3.01   -10.63    -5.72
  145.57    -6.70    -5.28     0.67     6.74
  146.24    -6.70   -13.80     0.95    20.19
  146.92    -6.70    -9.73     2.07    14.71
  147.59    -6.70     3.75     9.87    -4.58
  148.26    -6.70     4.29     3.23    -5.16
  148.94    -6.70   -17.65     4.95    25.44
  149.61    -6.70   -40.34     7.70    31.36
  150.28    -6.70    -1.44     0.63     3.87
  150.96    -6.70    11.21    13.58   -15.45
  151.63    -6.70   -19.05   -52.21    -9.42
  152.30    -6.70    16.05    -4.46   -10.39
  152.98    -6.70   -17.76     6.16    26.05
  153.65    -6.70  -148.24    41.11    83.39
  154.32    -6.70  -124.56     7.53    33.77
  155.00    -6.70   -31.12   -13.73    35.10
  155.67    -6.70    -8.72     1.71    19.65
  156.34    -6.70    -1.33     1.02     2.63
  157.02    -6.70     6.09     6.56    -6.30
  157.69    -6.70     5.20     4.14     4.63
  158.36    -6.70    -8.17    -8.92     6.90
  159.04    -6.70   -10.83    -8.35    16.69
  159.71    -6.70   -16.54   -10.70    30.10
  160.38    -6.70    -8.13    -9.10    16.32
  161.06    -6.70   -15.09   -12.61    19.94
  161.73    -6.70   -31.22    -6.97    27.94
  162.40    -6.70   -16.65   -16.52    24.58
  163.08    -6.70    -9.35   -14.28    21.10
  163.75    -6.70    -7.99   -11.84    14.44
  164.42    -6.70    -4.52    -5.62    10.20
  165.10    -6.70     3.26     6.78     2.93
  165.77    -6.70     8.69    10.50   -14.36
  166.44    -6.70    -3.63    -7.80     7.38
  167.12    -6.70     3.21    10.27    -3.18
  167.79    -6.70    11.30    18.75   -11.51
  168.46    -6.70    74.89    22.99   -36.62
  169.14    -6.70     3.93     8.02    -7.52
  169.81    -6.70    46.83    37.65   -39.69
  170.48    -6.70    93.60    56.60   -18.57
  171.16    -6.70    36.82    27.83    -2.25
  171.83    -6.70   115.08    -9.01   -53.07
  172.50    -6.70   228.23   -25.29    -8.22
  173.18    -6.70    40.47    31.73    -4.64
  173.85    -6.70     2.72    12.26    -0.97
  174.52    -6.70     7.50    22.27    -8.04
  175.20    -6.70     4.32    15.44    -4.67
  175.87    -6.70    51.27    49.27     5.25
  176.54    -6.70    12.90    34.34    -4.26
  177.22    -6.70     7.68    23.35     3.81
  177.89    -6.70     0.15     0.47    -1.43
  178.56    -6.70    -2.61    -9.16    -6.08
  179.24    -6.70    -1.54    -0.85    -0.44
  179.91    -6.70     1.86     4.93     8.15
  180.58    -6.70    64.17    47.79    38.00
  181.26    -6.70    22.31    38.61    30.91
  181.93    -6.70    11.04    11.31    14.27
  145.57    -6.00     5.33    -4.93   -10.00
  146.24    -6.00     5.71     2.72    -7.79
  146.92    -6.00     1.84     5.88    -0.20
  147.59    -6.00    -7.35    -3.53     9.84
  148.26    -6.00     1.40     0.51    -2.01
  148.94    -6.00    -8.97    -0.18    14.94
  149.61    -6.00   -13.59     1.98    19.30
  150.28    -6.00   -13.24     3.06    22.92
  150.96    -6.00   -10.27    -2.02    14.39
  151.63    -6.00   -85.68     9.70    48.14
  152.30    -6.00    -3.77    -1.04     6.15
  152.98    -6.00    -5.01    -2.92    10.25
  153.65    -6.00   -18.75     6.60    24.58
  154.32    -6.00   -20.27    -6.30    30.76
  155.00    -6.00    -9.43    -3.57    13.95
  155.67    -6.00    -4.04     1.67     7.98
  156.34    -6.00    -4.62    -7.18     7.74
  157.02    -6.00   -21.47    -6.13    33.31
  157.69    -6.00    -6.49     1.46    15.82
  158.36    -6.00    -3.58    -7.05     4.15
  159.04    -6.00    -2.28    -4.67     0.60
  159.71    -6.00   -19.47    -0.29    21.38
  160.38    -6.00   -11.55    -9.17    22.31
  161.06    -6.00    -2.63     0.45     8.20
  161.73    -6.00     0.06    -0.60    -0.09
  162.40    -6.00   -10.38    -0.41    10.37
  163.08    -6.00   -14.29   -16.31    22.27
  163.75    -6.00    -3.73    -3.02    11.82
  164.42    -6.00     2.04     7.25    -1.67
  165.10    -6.00     8.22    10.40    -5.50
  165.77    -6.00    42.35    34.15   -29.85
  166.44    -6.00    40.88    29.76   -19.78
  167.12    -6.00    -1.54    -4.20     4.56
  167.79    -6.00     9.02    19.63   -20.39
  168.46    -6.00     1.57    -3.56    -1.45
  169.14    -6.00    83.78    45.82   -59.78
  169.81    -6.00   187.21    48.60   -41.42
  170.48    -6.00   106.85    29.31     4.55
  171.16    -6.00    24.25    40.09   -24.99
  171.83    -6.00    35.52    51.20   -11.12
  172.50    -6.00    46.03    49.37   -23.31
  173.18    -6.00    13.05    36.52    -9.46
  173.85    -6.00     2.61    11.31    -3.87
  174.52    -6.00    -0.10    -1.31    -1.43
  175.20    -6.00    -0.31    -4.06    -7.61
  175.87    -6.00     0.65     2.66     1.90
  176.54    -6.00     6.73    20.20    -1.61
  177.22    -6.00     0.39    -0.28     1.56
  177.89    -6.00     0.63     3.52    -5.02
  178.56    -6.00    -3.92   -15.24    -8.73
  179.24    -6.00    26.62    40.20    19.87
  179.91    -6.00    12.87    24.25    10.16
  180.58    -6.00    27.37    32.94    19.13
  181.26    -6.00     4.89    16.79    11.24
  181.93    -6.00    30.24    34.20    24.16
  145.57    -5.29     1.44     1.05    -1.47
  146.24    -5.29    16.99    -4.39   -14.59
  146.92    -5.29   -20.39    -2.01    24.15
  147.59    -5.29   -11.23    -3.25    15.14
  148.26    -5.29     5.78     5.68    -8.64
  148.94    -5.29     1.71     3.93    -1.52
  149.61    -5.29   -30.94     8.24    24.36
  150.28    -5.29  -150.98     6.79    57.50
  150.96    -5.29   -16.91    -4.01    28.07
  151.63    -5.29   -26.97    -2.42    30.00
  152.30    -5.29   -19.63     0.73    36.55
  152.98    -5.29   -12.04    -6.59    22.42
  153.65    -5.29    -5.68     1.00    11.49
  154.32    -5.29   -23.02    -8.30    35.47
  155.00    -5.29   -24.04    -5.39    26.12
  155.67    -5.29     4.59     5.90    -6.01
  156.34    -5.29    -5.08    -0.43    10.21
  157.02    -5.29    -1.65     5.01     4.68
  157.69    -5.29    -3.72     2.73     8.73
  158.36    -5.29    -2.44    -2.84     4.41
  159.04    -5.29     1.90    11.91    -0.03
  159.71    -5.29    -4.16    -2.23     8.76
  160.38    -5.29   -13.38    -3.68    19.49
  161.06    -5.29    -7.24   -11.60    11.36
  161.73    -5.29    11.58     1.26    -8.30
  162.40    -5.29   102.86    50.45   -38.13
  163.08    -5.29     9.17    12.80   -15.38
  163.75    -5.29     2.77     8.01    -5.47
  164.42    -5.29    11.09    10.36   -23.75
  165.10    -5.29    44.73    25.73   -34.25
  165.77    -5.29    18.58    19.11   -34.78
  166.44    -5.29    41.35    25.23   -39.02
  167.12    -5.29    -0.29     2.90    -0.20
  167.79    -5.29     2.77     4.75    -6.45
  168.46    -5.29    -2.04    -3.38     6.21
  169.14    -5.29   181.95    -0.83   -71.07
  169.81    -5.29    46.59    34.73   -21.90
  170.48    -5.29    56.46    37.05   -24.87
  171.16    -5.29    16.63    41.15   -24.15
  171.83    -5.29    18.97    30.39   -17.20
  172.50    -5.29    24.53    36.65    -9.91
  173.18    -5.29     3.23    11.57    -5.31
  173.85    -5.29     3.02    12.78    -1.88
  174.52    -5.29    -2.87   -10.19     0.41
  175.20    -5.29    18.10    22.99    -5.05
  175.87    -5.29    -5.71   -16.62    -6.49
  176.54    -5.29     5.33    22.32    -1.27
  177.22    -5.29    13.82    39.23    -2.30
  177.89    -5.29    44.42    45.47    11.66
  178.56    -5.29    73.62    44.90     0.04
  179.24    -5.29    92.63    30.76    59.11
  179.91    -5.29     1.95     1.54    12.29
  180.58    -5.29     2.58     9.47     4.65
  181.26    -5.29    -2.06    -5.52    -2.12
  181.93    -5.29    17.59    20.36    20.25
  145.57    -4.59   -35.14     6.65    36.49
  146.24    -4.59   -35.57     2.92    20.23
  146.92    -4.59   -10.54    -0.67    15.46
  147.59    -4.59    -3.74     3.04     5.88
  148.26    -4.59     3.33     7.69    -3.28
  148.94    -4.59     1.33    -5.07    -3.07
  149.61    -4.59   -17.51     5.74    22.68
  150.28    -4.59   -34.33     0.09    40.79
  150.96    -4.59   -11.09    -0.96    18.75
  151.63    -4.59     7.19    10.14    -6.70
  152.30    -4.59   -10.10     1.98    16.42
  152.98    -4.59     1.92     0.03    -2.38
  153.65    -4.59     6.28     1.98    -9.25
  154.32    -4.59    -0.46    -0.82    -1.64
  155.00    -4.59   -20.45     2.15    26.07
  155.67    -4.59    -2.31     1.83     5.53
  156.34    -4.59     0.80     3.78    -1.86
  157.02    -4.59    -7.40    -5.94     4.14
  157.69    -4.59   -13.74    -4.39    14.95
  158.36    -4.59     9.27     8.51   -19.60
  159.04    -4.59     1.29     0.24    -4.82
  159.71    -4.59    -0.43     3.89     2.39
  160.38    -4.59    25.91     9.95   -37.95
  161.06    -4.59    32.61    21.51   -32.43
  161.73    -4.59     8.78    13.42   -16.72
  162.40    -4.59    90.08    -5.40   -53.89
  163.08    -4.59    60.43    34.42   -33.12
  163.75    -4.59     1.39     6.94    -1.80
  164.42    -4.59    38.20    39.01   -25.50
  165.10    -4.59    55.43    29.76   -34.98
  165.77    -4.59    13.82    18.14   -22.44
  166.44    -4.59     5.39     9.33   -12.09
  167.12    -4.59     6.21    14.99   -11.27
  167.79    -4.59     3.27     4.17    -9.23
  168.46    -4.59    12.01     6.56   -18.11
  169.14    -4.59   290.35    58.93   -47.92
  169.81    -4.59    82.82    27.43   -27.46
  170.48    -4.59    53.96    38.89   -29.71
  171.16    -4.59    10.18    27.69   -15.23
  171.83    -4.59    17.43    37.23   -17.80
  172.50    -4.59   137.07    38.92   -11.08
  173.18    -4.59    82.05    47.01    -2.72
  173.85    -4.59    36.76    44.62    10.17
  174.52    -4.59     5.58    19.27    -3.56
  175.20    -4.59    12.89    40.41    -5.30
  175.87    -4.59    -2.51    -6.78    -5.86
  176.54    -4.59     1.22     7.66    -2.17
  177.22    -4.59     1.85     6.03     2.47
  177.89    -4.59     1.21    -4.69     2.86
  178.56    -4.59    35.22    37.85    15.39
  179.24    -4.59    32.35    -9.87    16.88
  179.91    -4.59     9.39    12.61     4.55
  180.58    -4.59    -0.12     0.60    -2.28
  181.26    -4.59     1.23     4.19     2.62
  181.93    -4.59    18.69    22.81    22.53
  145.57    -3.89   -24.88     3.82    29.93
  146.24    -3.89   -15.55     2.46    21.75
  146.92    -3.89   -10.47   -12.20    13.94
  147.59    -3.89    -3.98   -15.49     2.20
  148.26    -3.89    -6.57    -2.73     9.95
  148.94    -3.89     0.52     4.18     0.82
  149.61    -3.89    -3.89     8.93     6.74
  150.28    -3.89    -6.46    -0.42     8.40
  150.96    -3.89     1.82     3.26    -2.48
  151.63    -3.89     8.29    -1.67   -13.51
  152.30    -3.89     4.39     1.33    -7.17
  152.98    -3.89    -4.75     5.31     7.18
  153.65    -3.89    -0.58     4.01     1.08
  154.32    -3.89    -6.72    -4.01     9.69
  155.00    -3.89    -6.57    -0.89    14.48
  155.67    -3.89    -6.15     1.97    14.10
  156.34    -3.89     0.50     7.91     1.82
  157.02    -3.89   -36.59     0.48    37.37
  157.69    -3.89   -62.64   -17.98    29.87
  158.36    -3.89    17.87     5.78   -17.36
  159.04    -3.89     7.15     2.91   -14.39
  159.71    -3.89   -11.46    -9.11    25.48
  160.38    -3.89    -1.39    -4.62     3.55
  161.06    -3.89     6.05     2.61   -13.90
  161.73    -3.89    -1.23    11.11     7.88
  162.40    -3.89    91.79    15.12   -54.41
  163.08    -3.89   130.66    10.58   -51.39
  163.75    -3.89    35.38    17.51   -40.19
  164.42    -3.89   126.88    20.08   -41.68
  165.10    -3.89    22.26    19.82   -33.80
  165.77    -3.89     8.73    10.11   -17.32
  166.44    -3.89    -4.01    -1.85    12.46
  167.12    -3.89    11.56    22.89   -11.90
  167.79    -3.89    48.62    28.33   -29.18
  168.46    -3.89    65.34    22.95   -39.81
  169.14    -3.89   113.64   -11.72   -18.32
  169.81    -3.89     9.33    28.12   -18.53
  170.48    -3.89     5.04    18.51    -9.55
  171.16    -3.89    -0.90    -6.34    -0.89
  171.83    -3.89     4.45    15.29   -12.75
  172.50    -3.89    11.66    34.74   -11.66
  173.18    -3.89    67.64    -1.78     2.77
  173.85    -3.89    64.29    24.60    -7.92
  174.52    -3.89    25.35    48.48    -9.58
  175.20    -3.89     8.62    28.03    -7.98
  175.87    -3.89     4.14    21.46    -0.70
  176.54    -3.89    -2.18   -11.67     0.84
  177.22    -3.89     0.38    -2.08     6.97
  177.89    -3.89     1.13    -0.77     0.75
  178.56    -3.89     3.73    16.42     6.08
  179.24    -3.89     2.18     7.33     4.55
  179.91    -3.89     0.31    -9.78    -1.76
  180.58    -3.89    -2.45    -9.23    -5.66
  181.26    -3.89    -2.54    -7.71    -1.77
  181.93    -3.89     6.08     5.27    13.98
  145.57    -3.18     3.20     2.13    -4.23
  146.24    -3.18    -2.83    -3.22     3.15
  146.92    -3.18    -8.33    -3.23    12.92
  147.59    -3.18     7.34     2.53    -9.24
  148.26    -3.18   -18.22     5.38    17.25
  148.94    -3.18   -15.44    -1.46    18.68
  149.61    -3.18     2.86    -0.47    -4.57
  150.28    -3.18   -15.94     2.72    24.47
  150.96    -3.18   -10.43     6.23    19.83
  151.63    -3.18     1.56     3.15    -3.09
  152.30    -3.18    -7.36    -5.04    12.28
  152.98    -3.18    -3.98    -0.14     4.96
  153.65    -3.18   -17.79    -4.63    24.06
  154.32    -3.18    -7.01     1.46    10.24
  155.00    -3.18   -10.88    -2.60    16.74
  155.67    -3.18    -0.12    -2.38    -1.13
  156.34    -3.18     4.64     2.58   -10.04
  157.02    -3.18    -6.92    -7.16    12.21
  157.69    -3.18    -3.78    -5.92     5.79
  158.36    -3.18    -1.93    -4.71     3.34
  159.04    -3.18     5.21     6.20    -9.68
  159.71    -3.18     3.45    -1.21    -8.82
  160.38    -3.18    -4.48    -2.60    11.15
  161.06    -3.18     9.97     5.66   -19.58
  161.73    -3.18     2.57     1.40    -5.15
  162.40    -3.18    10.31    -0.72   -24.10
  163.08    -3.18    12.87     6.72   -12.55
  163.75    -3.18    20.94    27.52   -31.87
  164.42    -3.18     7.59    13.12   -18.71
  165.10    -3.18    -0.26    -3.04     1.70
  165.77    -3.18     3.18     5.66    -4.38
  166.44    -3.18    -5.61   -16.38     9.90
  167.12    -3.18    -6.27    -8.82     9.46
  167.79    -3.18    12.26    11.49   -19.75
  168.46    -3.18    13.32    19.63   -14.92
  169.14    -3.18     8.71    20.55   -14.42
  169.81    -3.18     5.57    11.34   -17.08
  170.48    -3.18     2.48     3.15   -10.77
  171.16    -3.18     1.60     7.19     0.42
  171.83    -3.18     0.84     3.58     0.34
  172.50    -3.18     4.64    15.91   -12.74
  173.18    -3.18     0.52     2.24     1.88
  173.85    -3.18     1.36    10.01     1.98
  174.52    -3.18     3.84    15.48    -3.02
  175.20    -3.18     5.52    17.35    -2.33
  175.87    -3.18     5.14     9.06     6.02
  176.54    -3.18    -0.95    -4.96    -0.89
  177.22    -3.18    -2.65   -13.52    -1.39
  177.89    -3.18     4.37     0.58     1.50
  178.56    -3.18     1.89     5.00    -0.66
  179.24    -3.18     0.88     0.24     3.45
  179.91    -3.18     0.31     1.68     2.44
  180.58    -3.18     0.34    -1.63     3.29
  181.26    -3.18     1.24    -0.37     8.19
  181.93    -3.18     3.97     6.44    14.05
