sharp data of vector magnetograms (2014.11.25_07:48:00 with HARPNUM=4851, CAR_ROT=2157);  B_r, positive up; B_theta, positive southward; B_phi, positive westward 
0 0.0 2 0 3
55 30
Longitude Latitude Br Bt Bp
145.57 -23.58 -12.85 -2.21 9.50
146.24 -23.58 -9.16 -0.30 5.37
146.92 -23.58 -5.80 -0.03 2.41
147.59 -23.58 -4.78 -2.21 2.02
148.26 -23.58 -2.77 -2.51 1.08
148.94 -23.58 -0.95 -0.80 0.84
149.61 -23.58 -2.82 -2.06 2.44
150.28 -23.58 -5.44 -3.99 3.79
150.96 -23.58 -4.85 -4.03 2.61
151.63 -23.58 -2.11 -3.91 -0.45
152.30 -23.58 -1.18 -3.65 -1.07
152.98 -23.58 -1.64 -2.11 0.97
153.65 -23.58 -5.09 -3.24 5.12
154.32 -23.58 -8.01 -4.25 7.65
155.00 -23.58 -10.99 -3.91 8.27
155.67 -23.58 -17.69 -8.09 10.62
156.34 -23.58 -23.09 -14.64 13.74
157.02 -23.58 -21.32 -14.70 13.83
157.69 -23.58 -6.75 -4.88 6.30
158.36 -23.58 5.96 3.84 -1.17
159.04 -23.58 4.92 1.97 -2.15
159.71 -23.58 2.68 -0.36 -2.12
160.38 -23.58 4.07 1.43 -2.24
161.06 -23.58 0.31 -1.52 0.96
161.73 -23.58 -5.01 -6.90 3.91
162.40 -23.58 -3.05 -5.14 1.78
163.08 -23.58 7.88 6.12 -3.55
163.75 -23.58 14.88 12.50 -5.62
164.42 -23.58 8.75 6.96 -2.51
165.10 -23.58 2.06 1.45 0.57
165.77 -23.58 3.23 2.64 0.62
166.44 -23.58 9.95 9.05 -1.49
167.12 -23.58 14.12 13.29 -3.62
167.79 -23.58 13.62 13.49 -4.65
168.46 -23.58 14.16 13.55 -3.69
169.14 -23.58 15.21 13.34 -2.24
169.81 -23.58 13.87 12.38 -2.93
170.48 -23.58 14.80 14.87 -4.24
171.16 -23.58 12.39 11.78 -2.94
171.83 -23.58 4.92 3.32 -1.10
172.50 -23.58 1.51 0.52 -1.62
173.18 -23.58 8.04 7.66 -5.06
173.85 -23.58 21.86 18.98 -7.70
174.52 -23.58 30.88 24.92 -5.59
175.20 -23.58 23.80 19.28 0.07
175.87 -23.58 10.20 9.21 2.87
176.54 -23.58 3.95 5.38 2.42
177.22 -23.58 3.42 5.82 0.76
177.89 -23.58 0.40 1.49 0.03
178.56 -23.58 -5.72 -6.11 0.52
179.24 -23.58 -7.41 -7.71 1.52
179.91 -23.58 -4.12 -5.06 2.13
180.58 -23.58 -5.00 -7.54 1.45
181.26 -23.58 -6.16 -8.59 0.53
181.93 -23.58 -4.57 -5.67 -0.51
145.57 -22.88 -25.18 -4.60 17.37
146.24 -22.88 -22.88 -4.52 14.90
146.92 -22.88 -17.86 -5.08 11.99
147.59 -22.88 -12.46 -5.84 8.94
148.26 -22.88 -6.02 -3.08 4.94
148.94 -22.88 -1.45 0.78 2.61
149.61 -22.88 -1.73 0.15 2.50
150.28 -22.88 -3.77 -1.89 2.74
150.96 -22.88 -4.88 -2.87 2.67
151.63 -22.88 -5.51 -4.70 2.60
152.30 -22.88 -4.86 -5.19 2.22
152.98 -22.88 -3.74 -3.28 2.55
153.65 -22.88 -4.98 -2.76 4.53
154.32 -22.88 -7.42 -3.35 6.19
155.00 -22.88 -13.38 -5.27 8.22
155.67 -22.88 -21.67 -10.14 11.55
156.34 -22.88 -23.89 -14.68 13.73
157.02 -22.88 -22.08 -15.52 14.32
157.69 -22.88 -17.10 -11.88 10.69
158.36 -22.88 -13.13 -9.03 6.42
159.04 -22.88 -12.32 -10.68 4.75
159.71 -22.88 -7.57 -9.00 2.18
160.38 -22.88 -2.54 -4.66 1.17
161.06 -22.88 -3.25 -4.61 3.49
161.73 -22.88 -4.74 -5.67 4.48
162.40 -22.88 -3.39 -3.94 2.00
163.08 -22.88 1.25 1.66 -1.33
163.75 -22.88 4.92 4.88 -2.51
164.42 -22.88 2.43 1.65 -0.38
165.10 -22.88 -0.82 -1.54 1.97
165.77 -22.88 -1.13 -2.17 2.24
166.44 -22.88 1.23 -0.69 0.79
167.12 -22.88 7.53 5.18 -1.41
167.79 -22.88 18.44 16.16 -3.78
168.46 -22.88 31.07 26.79 -4.31
169.14 -22.88 37.90 30.78 -2.98
169.81 -22.88 30.82 24.87 -1.96
170.48 -22.88 23.24 19.92 -2.48
171.16 -22.88 19.46 15.87 -2.32
171.83 -22.88 12.55 8.64 -1.09
172.50 -22.88 6.32 3.87 -1.28
173.18 -22.88 9.95 8.05 -4.16
173.85 -22.88 26.94 20.15 -6.71
174.52 -22.88 42.33 29.60 -4.35
175.20 -22.88 33.47 23.35 1.40
175.87 -22.88 13.05 9.19 3.12
176.54 -22.88 3.77 3.91 2.11
177.22 -22.88 3.51 5.55 1.04
177.89 -22.88 1.21 2.03 0.65
178.56 -22.88 -3.31 -4.08 0.79
179.24 -22.88 -4.22 -4.89 0.97
179.91 -22.88 -2.00 -2.89 1.06
180.58 -22.88 -2.18 -3.61 0.96
181.26 -22.88 -3.12 -4.26 0.39
181.93 -22.88 -2.15 -2.46 -0.20
145.57 -22.18 -32.62 -6.24 23.25
146.24 -22.18 -30.27 -7.47 21.05
146.92 -22.18 -23.27 -8.26 17.09
147.59 -22.18 -14.64 -6.72 12.09
148.26 -22.18 -6.81 -2.57 6.98
148.94 -22.18 -2.36 0.45 3.83
149.61 -22.18 -0.15 1.04 1.15
150.28 -22.18 1.26 1.60 -1.52
150.96 -22.18 -0.23 0.67 -1.14
151.63 -22.18 -5.08 -3.55 2.31
152.30 -22.18 -7.81 -6.36 4.31
152.98 -22.18 -6.15 -4.71 3.75
153.65 -22.18 -3.62 -1.57 2.62
154.32 -22.18 -3.83 -1.04 2.34
155.00 -22.18 -9.25 -4.45 4.38
155.67 -22.18 -16.82 -9.42 7.99
156.34 -22.18 -20.18 -13.12 10.73
157.02 -22.18 -22.22 -14.90 12.47
157.69 -22.18 -30.02 -17.86 14.03
158.36 -22.18 -37.50 -21.73 14.72
159.04 -22.18 -31.23 -20.79 11.38
159.71 -22.18 -15.34 -13.26 4.53
160.38 -22.18 -6.68 -8.38 1.97
161.06 -22.18 -6.36 -8.55 3.72
161.73 -22.18 -6.44 -7.83 4.36
162.40 -22.18 -7.73 -7.18 4.04
163.08 -22.18 -10.01 -6.96 4.65
163.75 -22.18 -8.73 -5.73 4.70
164.42 -22.18 -6.22 -5.06 5.12
165.10 -22.18 -4.13 -4.21 5.21
165.77 -22.18 -3.16 -4.21 4.04
166.44 -22.18 -0.81 -2.94 1.60
167.12 -22.18 10.35 7.43 -1.68
167.79 -22.18 28.56 24.12 -4.44
168.46 -22.18 46.99 37.06 -5.76
169.14 -22.18 59.25 43.45 -5.20
169.81 -22.18 50.84 37.77 -2.59
170.48 -22.18 37.83 29.22 -1.90
171.16 -22.18 36.94 26.98 -1.98
171.83 -22.18 36.73 25.05 0.66
172.50 -22.18 26.01 17.88 2.56
173.18 -22.18 18.27 13.51 0.85
173.85 -22.18 26.21 18.45 -1.31
174.52 -22.18 36.97 24.50 -0.09
175.20 -22.18 29.03 19.81 2.89
175.87 -22.18 12.26 9.09 2.26
176.54 -22.18 4.85 4.97 0.90
177.22 -22.18 5.59 7.54 1.02
177.89 -22.18 5.01 6.39 1.65
178.56 -22.18 1.29 1.28 1.92
179.24 -22.18 -1.06 -1.37 1.21
179.91 -22.18 -0.30 -0.41 0.40
180.58 -22.18 1.56 2.26 0.96
181.26 -22.18 1.83 3.13 1.20
181.93 -22.18 1.69 3.08 0.94
145.57 -21.47 -29.49 -6.47 23.51
146.24 -21.47 -26.14 -7.38 19.88
146.92 -21.47 -17.62 -6.90 13.61
147.59 -21.47 -8.16 -3.37 8.08
148.26 -21.47 -3.12 -0.38 5.38
148.94 -21.47 -2.35 -0.37 3.94
149.61 -21.47 1.76 1.51 -1.13
150.28 -21.47 6.73 4.98 -6.60
150.96 -21.47 4.77 3.93 -5.56
151.63 -21.47 -5.31 -3.19 1.73
152.30 -21.47 -14.85 -9.81 8.20
152.98 -21.47 -14.52 -9.19 8.74
153.65 -21.47 -8.22 -3.43 5.24
154.32 -21.47 -6.30 -0.99 2.76
155.00 -21.47 -11.57 -5.62 4.62
155.67 -21.47 -18.93 -12.37 8.36
156.34 -21.47 -25.58 -18.20 11.15
157.02 -21.47 -30.83 -20.57 12.95
157.69 -21.47 -42.79 -23.95 17.33
158.36 -21.47 -53.44 -28.31 20.13
159.04 -21.47 -43.69 -24.45 15.14
159.71 -21.47 -20.80 -12.94 5.33
160.38 -21.47 -8.67 -8.06 1.75
161.06 -21.47 -8.37 -10.38 3.78
161.73 -21.47 -9.97 -11.88 5.63
162.40 -21.47 -13.66 -13.28 7.56
163.08 -21.47 -18.45 -15.12 10.64
163.75 -21.47 -18.13 -14.91 11.86
164.42 -21.47 -12.54 -11.71 10.54
165.10 -21.47 -3.48 -4.24 6.45
165.77 -21.47 6.10 4.84 1.61
166.44 -21.47 15.74 13.75 -2.52
167.12 -21.47 28.59 24.95 -5.76
167.79 -21.47 37.60 31.46 -5.97
168.46 -21.47 43.33 32.00 -5.34
169.14 -21.47 54.83 37.79 -5.95
169.81 -21.47 59.21 43.72 -4.52
170.48 -21.47 60.19 45.84 -3.06
171.16 -21.47 71.02 50.66 -1.34
171.83 -21.47 80.18 54.52 4.55
172.50 -21.47 66.04 45.31 10.82
173.18 -21.47 45.38 31.96 11.27
173.85 -21.47 35.08 25.02 8.68
174.52 -21.47 28.46 20.54 6.11
175.20 -21.47 19.34 16.16 4.03
175.87 -21.47 12.21 13.22 1.17
176.54 -21.47 10.09 12.20 0.30
177.22 -21.47 11.00 13.25 1.83
177.89 -21.47 9.81 11.51 3.05
178.56 -21.47 4.00 4.35 3.32
179.24 -21.47 -1.01 -1.56 2.32
179.91 -21.47 0.35 0.67 1.20
180.58 -21.47 4.81 6.96 2.00
181.26 -21.47 5.51 8.54 2.37
181.93 -21.47 3.99 6.90 1.43
145.57 -20.77 -31.37 -8.39 25.56
146.24 -20.77 -25.94 -7.74 19.79
146.92 -20.77 -14.79 -4.96 10.88
147.59 -20.77 -2.45 0.42 3.64
148.26 -20.77 2.40 2.94 1.76
148.94 -20.77 -0.39 1.24 2.72
149.61 -20.77 2.02 2.65 -1.30
150.28 -20.77 6.48 5.60 -6.12
150.96 -20.77 2.82 3.16 -3.49
151.63 -20.77 -10.86 -5.34 6.25
152.30 -20.77 -25.11 -13.60 15.21
152.98 -20.77 -26.54 -14.03 16.61
153.65 -20.77 -20.79 -8.37 12.90
154.32 -20.77 -25.11 -7.07 12.26
155.00 -20.77 -38.92 -15.32 17.83
155.67 -20.77 -51.55 -27.32 23.70
156.34 -20.77 -62.24 -38.50 24.23
157.02 -20.77 -58.50 -38.20 19.25
157.69 -20.77 -51.88 -31.05 18.80
158.36 -20.77 -58.36 -30.14 21.51
159.04 -20.77 -61.55 -30.20 18.94
159.71 -20.77 -40.51 -20.19 8.60
160.38 -20.77 -19.00 -12.11 4.20
161.06 -20.77 -12.39 -11.84 5.90
161.73 -20.77 -11.36 -12.00 6.49
162.40 -20.77 -13.58 -12.24 7.02
163.08 -20.77 -18.14 -14.36 9.35
163.75 -20.77 -18.99 -16.89 11.18
164.42 -20.77 -13.25 -15.24 10.00
165.10 -20.77 2.88 -1.10 3.23
165.77 -20.77 26.47 21.06 -5.06
166.44 -20.77 46.08 37.78 -9.17
167.12 -20.77 53.80 43.99 -9.48
167.79 -20.77 45.05 36.37 -6.77
168.46 -20.77 31.85 23.82 -4.33
169.14 -20.77 37.86 27.19 -6.09
169.81 -20.77 59.95 45.04 -7.63
170.48 -20.77 84.21 61.26 -5.49
171.16 -20.77 104.55 70.15 -0.16
171.83 -20.77 115.40 73.26 8.55
172.50 -20.77 102.42 64.67 18.07
173.18 -20.77 78.54 50.64 19.90
173.85 -20.77 56.10 37.97 17.10
174.52 -20.77 34.30 25.83 11.45
175.20 -20.77 19.25 19.04 5.10
175.87 -20.77 15.47 18.78 1.32
176.54 -20.77 17.67 20.30 1.70
177.22 -20.77 18.28 19.64 3.71
177.89 -20.77 12.47 13.51 3.42
178.56 -20.77 3.19 3.29 2.43
179.24 -20.77 -2.36 -3.29 1.78
179.91 -20.77 0.67 0.79 1.69
180.58 -20.77 6.38 8.53 2.92
181.26 -20.77 6.76 10.12 3.10
181.93 -20.77 4.35 7.87 1.20
145.57 -20.07 -37.13 -8.76 28.68
146.24 -20.07 -31.74 -7.94 23.23
146.92 -20.07 -20.60 -5.22 14.50
147.59 -20.07 -5.94 0.14 5.31
148.26 -20.07 2.64 3.55 0.16
148.94 -20.07 0.79 2.33 0.76
149.61 -20.07 0.33 2.27 0.21
150.28 -20.07 1.88 3.01 -1.59
150.96 -20.07 -2.15 -0.06 1.18
151.63 -20.07 -14.19 -6.79 9.65
152.30 -20.07 -28.02 -13.40 18.08
152.98 -20.07 -32.35 -15.07 20.85
153.65 -20.07 -31.50 -12.49 19.72
154.32 -20.07 -46.03 -14.90 24.47
155.00 -20.07 -73.20 -26.18 37.11
155.67 -20.07 -98.18 -40.72 47.72
156.34 -20.07 -116.42 -53.91 46.09
157.02 -20.07 -97.93 -50.80 30.05
157.69 -20.07 -66.13 -36.92 20.69
158.36 -20.07 -69.87 -33.51 24.27
159.04 -20.07 -88.84 -38.08 26.90
159.71 -20.07 -71.36 -32.66 16.99
160.38 -20.07 -40.08 -23.00 10.47
161.06 -20.07 -23.63 -17.89 10.26
161.73 -20.07 -18.14 -14.06 8.74
162.40 -20.07 -22.40 -12.97 7.42
163.08 -20.07 -31.32 -16.88 7.82
163.75 -20.07 -29.69 -20.40 8.12
164.42 -20.07 -18.01 -18.63 7.03
165.10 -20.07 4.85 -1.86 -0.06
165.77 -20.07 37.59 25.32 -9.28
166.44 -20.07 61.57 44.09 -11.82
167.12 -20.07 60.28 45.91 -9.45
167.79 -20.07 40.56 33.80 -6.91
168.46 -20.07 23.88 20.47 -5.73
169.14 -20.07 32.87 24.99 -8.97
169.81 -20.07 67.56 47.21 -12.67
170.48 -20.07 105.83 68.81 -9.61
171.16 -20.07 129.03 77.18 0.43
171.83 -20.07 132.57 75.00 12.19
172.50 -20.07 111.53 63.16 20.38
173.18 -20.07 81.29 48.47 18.73
173.85 -20.07 56.99 37.45 15.43
174.52 -20.07 36.76 28.57 11.09
175.20 -20.07 21.94 22.84 4.87
175.87 -20.07 19.03 21.77 1.86
176.54 -20.07 24.26 24.15 3.54
177.22 -20.07 24.05 22.78 5.57
177.89 -20.07 13.25 13.14 3.70
178.56 -20.07 2.48 2.55 1.19
179.24 -20.07 -1.38 -1.69 0.53
179.91 -20.07 2.04 2.84 1.51
180.58 -20.07 7.26 9.85 3.79
181.26 -20.07 7.63 11.37 4.68
181.93 -20.07 5.08 8.90 2.84
145.57 -19.36 -33.16 -4.69 26.82
146.24 -19.36 -29.05 -4.41 23.17
146.92 -19.36 -23.13 -4.50 18.16
147.59 -19.36 -13.68 -2.57 10.81
148.26 -19.36 -6.16 -0.05 4.47
148.94 -19.36 -6.78 -1.00 4.11
149.61 -19.36 -5.50 -1.15 3.55
150.28 -19.36 -2.25 0.06 0.96
150.96 -19.36 -4.22 -1.23 1.51
151.63 -19.36 -12.71 -5.74 7.26
152.30 -19.36 -24.12 -10.79 14.82
152.98 -19.36 -31.97 -13.54 20.64
153.65 -19.36 -31.99 -12.05 21.01
154.32 -19.36 -44.86 -14.02 27.09
155.00 -19.36 -78.11 -24.57 44.86
155.67 -19.36 -111.60 -35.60 58.64
156.34 -19.36 -129.08 -42.29 55.71
157.02 -19.36 -110.39 -41.33 38.17
157.69 -19.36 -87.49 -39.35 29.00
158.36 -19.36 -94.57 -40.90 31.68
159.04 -19.36 -101.80 -39.86 33.50
159.71 -19.36 -83.21 -35.89 25.79
160.38 -19.36 -60.68 -32.55 19.36
161.06 -19.36 -46.01 -29.60 17.04
161.73 -19.36 -40.85 -26.37 15.14
162.40 -19.36 -49.91 -26.36 14.64
163.08 -19.36 -60.73 -30.39 14.17
163.75 -19.36 -50.77 -30.08 11.87
164.42 -19.36 -29.53 -24.58 9.47
165.10 -19.36 -5.06 -10.53 3.39
165.77 -19.36 22.92 10.16 -4.87
166.44 -19.36 42.40 26.01 -8.08
167.12 -19.36 41.06 30.60 -7.20
167.79 -19.36 26.70 24.22 -5.96
168.46 -19.36 17.87 16.39 -6.32
169.14 -19.36 32.08 22.20 -11.12
169.81 -19.36 71.84 42.98 -17.36
170.48 -19.36 120.04 66.86 -16.27
171.16 -19.36 150.99 78.79 -3.44
171.83 -19.36 147.52 76.17 12.83
172.50 -19.36 109.84 60.63 20.36
173.18 -19.36 66.02 41.14 14.77
173.85 -19.36 42.99 30.42 10.24
174.52 -19.36 32.57 26.98 9.12
175.20 -19.36 22.86 23.84 4.90
175.87 -19.36 22.11 22.76 2.43
176.54 -19.36 27.91 24.83 4.22
177.22 -19.36 24.57 22.58 5.61
177.89 -19.36 12.35 13.15 3.85
178.56 -19.36 2.83 3.61 1.57
179.24 -19.36 -0.18 -0.10 0.40
179.91 -19.36 2.81 4.19 0.85
180.58 -19.36 8.01 11.51 3.56
181.26 -19.36 8.69 13.08 5.12
181.93 -19.36 6.12 9.93 3.90
145.57 -18.66 -23.60 -2.32 21.80
146.24 -18.66 -20.49 -1.74 19.03
146.92 -18.66 -19.47 -3.51 17.20
147.59 -18.66 -17.05 -4.32 13.53
148.26 -18.66 -16.06 -3.41 10.67
148.94 -18.66 -19.82 -4.80 12.28
149.61 -18.66 -16.34 -5.20 9.77
150.28 -18.66 -10.91 -3.79 4.78
150.96 -18.66 -13.72 -3.86 4.81
151.63 -18.66 -20.55 -6.30 9.40
152.30 -18.66 -23.52 -7.85 13.29
152.98 -18.66 -26.72 -8.19 17.68
153.65 -18.66 -26.65 -6.06 19.18
154.32 -18.66 -39.77 -7.71 27.97
155.00 -18.66 -73.52 -18.18 47.50
155.67 -18.66 -94.10 -25.62 54.54
156.34 -18.66 -91.04 -25.49 46.61
157.02 -18.66 -90.08 -30.46 41.02
157.69 -18.66 -113.43 -46.80 44.14
158.36 -18.66 -128.41 -54.32 41.31
159.04 -18.66 -102.08 -43.33 33.94
159.71 -18.66 -76.59 -36.64 28.59
160.38 -18.66 -73.65 -39.40 25.78
161.06 -18.66 -70.66 -40.60 23.15
161.73 -18.66 -66.40 -37.99 21.44
162.40 -18.66 -70.32 -36.10 21.94
163.08 -18.66 -69.53 -35.92 21.60
163.75 -18.66 -54.18 -32.83 18.99
164.42 -18.66 -35.82 -27.12 16.07
165.10 -18.66 -17.87 -18.87 11.05
165.77 -18.66 -0.10 -8.01 3.95
166.44 -18.66 13.88 3.51 -1.35
167.12 -18.66 19.76 13.29 -4.10
167.79 -18.66 15.09 12.92 -3.64
168.46 -18.66 9.96 7.56 -3.31
169.14 -18.66 20.40 11.81 -7.81
169.81 -18.66 56.09 30.27 -16.96
170.48 -18.66 114.16 58.85 -23.17
171.16 -18.66 165.06 80.09 -15.24
171.83 -18.66 177.94 86.81 4.69
172.50 -18.66 142.02 75.59 21.57
173.18 -18.66 81.02 49.66 20.08
173.85 -18.66 48.22 33.26 13.66
174.52 -18.66 39.93 29.36 12.91
175.20 -18.66 27.76 24.20 8.07
175.87 -18.66 24.10 22.23 4.15
176.54 -18.66 28.00 23.83 5.29
177.22 -18.66 22.06 20.95 5.38
177.89 -18.66 10.90 13.52 3.41
178.56 -18.66 3.13 4.88 1.86
179.24 -18.66 -0.51 -0.74 0.51
179.91 -18.66 1.14 2.09 -0.24
180.58 -18.66 5.59 9.16 1.35
181.26 -18.66 6.26 10.05 2.29
181.93 -18.66 4.38 6.83 1.77
145.57 -17.95 -17.23 -3.33 17.24
146.24 -17.95 -16.23 -2.66 15.69
146.92 -17.95 -16.01 -3.56 14.28
147.59 -17.95 -14.66 -3.77 11.35
148.26 -17.95 -20.48 -3.61 13.35
148.94 -17.95 -36.83 -7.88 21.82
149.61 -17.95 -44.46 -13.93 22.40
150.28 -17.95 -39.01 -15.34 15.99
150.96 -17.95 -33.24 -11.56 13.67
151.63 -17.95 -31.00 -8.34 16.40
152.30 -17.95 -22.73 -5.65 14.65
152.98 -17.95 -15.56 -1.93 11.31
153.65 -17.95 -16.43 0.81 13.13
154.32 -17.95 -36.14 -2.95 28.12
155.00 -17.95 -68.08 -14.07 48.69
155.67 -17.95 -74.52 -21.36 48.83
156.34 -17.95 -63.88 -21.83 40.66
157.02 -17.95 -89.22 -34.20 51.39
157.69 -17.95 -146.51 -59.16 63.53
158.36 -17.95 -156.36 -65.75 49.92
159.04 -17.95 -106.91 -51.02 32.85
159.71 -17.95 -80.69 -45.35 29.31
160.38 -17.95 -89.40 -49.87 28.63
161.06 -17.95 -87.26 -47.87 24.28
161.73 -17.95 -74.12 -40.08 21.66
162.40 -17.95 -66.50 -35.02 22.00
163.08 -17.95 -56.60 -33.58 22.38
163.75 -17.95 -45.90 -31.32 21.75
164.42 -17.95 -40.18 -27.47 19.97
165.10 -17.95 -30.85 -23.51 16.32
165.77 -17.95 -16.86 -18.00 10.66
166.44 -17.95 -3.30 -9.48 4.49
167.12 -17.95 7.32 1.72 -0.57
167.79 -17.95 9.04 5.56 -1.39
168.46 -17.95 5.57 2.30 -0.86
169.14 -17.95 10.54 4.49 -4.95
169.81 -17.95 38.27 19.79 -16.42
170.48 -17.95 97.31 47.71 -31.04
171.16 -17.95 167.37 73.18 -32.96
171.83 -17.95 215.18 90.46 -10.93
172.50 -17.95 200.64 89.35 22.37
173.18 -17.95 123.45 63.15 32.52
173.85 -17.95 71.27 42.68 24.24
174.52 -17.95 56.97 35.07 19.74
175.20 -17.95 35.50 24.78 11.95
175.87 -17.95 23.06 20.35 5.03
176.54 -17.95 24.36 22.03 4.72
177.22 -17.95 18.87 18.72 4.47
177.89 -17.95 8.68 10.93 2.17
178.56 -17.95 2.06 3.13 0.73
179.24 -17.95 -0.57 -1.37 0.16
179.91 -17.95 0.76 1.10 -0.32
180.58 -17.95 3.29 5.78 0.08
181.26 -17.95 2.68 4.63 -0.33
181.93 -17.95 0.86 1.11 -1.04
145.57 -17.25 -17.12 -4.63 17.06
146.24 -17.25 -18.48 -4.70 17.03
146.92 -17.25 -17.74 -4.34 15.17
147.59 -17.25 -16.89 -2.96 12.65
148.26 -17.25 -36.11 -3.66 21.77
148.94 -17.25 -83.20 -12.69 40.11
149.61 -17.25 -111.27 -26.22 39.43
150.28 -17.25 -79.94 -27.78 18.71
150.96 -17.25 -24.00 -11.03 4.42
151.63 -17.25 0.25 2.29 7.98
152.30 -17.25 -2.74 1.74 11.01
152.98 -17.25 -3.94 1.47 5.43
153.65 -17.25 -7.25 2.77 6.02
154.32 -17.25 -29.89 -2.22 24.51
155.00 -17.25 -65.41 -14.51 49.53
155.67 -17.25 -80.24 -25.13 54.67
156.34 -17.25 -81.88 -29.79 52.93
157.02 -17.25 -122.77 -44.13 71.90
157.69 -17.25 -184.49 -66.53 83.34
158.36 -17.25 -185.56 -72.02 60.69
159.04 -17.25 -137.03 -62.42 38.27
159.71 -17.25 -120.76 -62.30 36.62
160.38 -17.25 -133.55 -69.65 33.34
161.06 -17.25 -114.68 -63.02 19.61
161.73 -17.25 -76.66 -46.57 13.14
162.40 -17.25 -53.73 -37.05 13.94
163.08 -17.25 -41.97 -34.70 15.62
163.75 -17.25 -37.61 -30.51 17.00
164.42 -17.25 -41.52 -24.97 16.91
165.10 -17.25 -42.30 -24.19 16.14
165.77 -17.25 -31.29 -23.44 13.76
166.44 -17.25 -15.08 -17.89 9.43
167.12 -17.25 -0.92 -6.74 3.96
167.79 -17.25 6.20 1.94 0.56
168.46 -17.25 6.54 3.00 -0.96
169.14 -17.25 10.87 6.09 -6.20
169.81 -17.25 32.50 18.88 -19.09
170.48 -17.25 83.14 38.96 -36.87
171.16 -17.25 157.32 56.88 -43.99
171.83 -17.25 223.08 71.88 -22.76
172.50 -17.25 223.25 75.89 17.77
173.18 -17.25 150.86 60.94 36.82
173.85 -17.25 93.14 47.46 30.43
174.52 -17.25 69.92 39.63 22.77
175.20 -17.25 41.66 27.79 12.93
175.87 -17.25 23.27 21.91 4.86
176.54 -17.25 21.56 22.39 3.82
177.22 -17.25 16.64 17.68 3.82
177.89 -17.25 6.98 8.22 1.48
178.56 -17.25 1.22 1.05 0.02
179.24 -17.25 1.10 -0.11 0.68
179.91 -17.25 3.86 3.42 1.43
180.58 -17.25 4.49 4.70 1.19
181.26 -17.25 1.10 0.29 -0.92
181.93 -17.25 -2.33 -4.83 -3.02
145.57 -16.55 -19.88 -5.44 19.93
146.24 -16.55 -20.92 -5.21 19.48
146.92 -16.55 -22.19 -4.47 19.32
147.59 -16.55 -27.94 -2.68 21.99
148.26 -16.55 -61.99 -2.35 38.49
148.94 -16.55 -132.49 -9.37 59.56
149.61 -16.55 -161.40 -22.91 44.17
150.28 -16.55 -81.13 -24.89 -1.74
150.96 -16.55 35.65 -2.35 -27.87
151.63 -16.55 72.68 16.32 -15.88
152.30 -16.55 35.48 11.29 0.73
152.98 -16.55 7.23 4.11 0.80
153.65 -16.55 -3.27 2.71 2.57
154.32 -16.55 -31.61 -2.11 25.51
155.00 -16.55 -82.35 -15.05 59.97
155.67 -16.55 -115.93 -28.49 74.22
156.34 -16.55 -124.08 -34.39 74.61
157.02 -16.55 -158.47 -42.44 90.08
157.69 -16.55 -210.69 -57.48 97.24
158.36 -16.55 -212.63 -66.62 73.11
159.04 -16.55 -171.73 -65.36 49.87
159.71 -16.55 -159.24 -68.68 48.35
160.38 -16.55 -172.19 -78.47 40.25
161.06 -16.55 -145.42 -76.58 16.43
161.73 -16.55 -95.50 -64.59 6.26
162.40 -16.55 -65.01 -58.45 5.82
163.08 -16.55 -46.04 -51.12 2.58
163.75 -16.55 -34.91 -33.55 0.19
164.42 -16.55 -35.60 -17.00 -1.94
165.10 -16.55 -39.49 -14.76 -0.58
165.77 -16.55 -34.33 -20.53 5.16
166.44 -16.55 -22.38 -23.40 9.61
167.12 -16.55 -7.61 -14.45 7.33
167.79 -16.55 4.85 -1.12 2.26
168.46 -16.55 9.93 4.62 -1.20
169.14 -16.55 14.55 10.18 -7.34
169.81 -16.55 27.66 21.84 -17.75
170.48 -16.55 56.82 33.64 -29.21
171.16 -16.55 111.72 41.45 -35.53
171.83 -16.55 177.47 51.47 -23.62
172.50 -16.55 197.21 59.34 8.28
173.18 -16.55 154.49 54.79 29.61
173.85 -16.55 104.98 46.50 28.21
174.52 -16.55 70.40 38.24 19.84
175.20 -16.55 40.89 28.88 9.99
175.87 -16.55 27.17 26.12 4.23
176.54 -16.55 26.91 26.64 5.19
177.22 -16.55 21.52 20.53 5.78
177.89 -16.55 9.85 9.71 2.85
178.56 -16.55 3.49 3.43 1.32
179.24 -16.55 4.90 4.56 2.84
179.91 -16.55 8.99 8.47 4.23
180.58 -16.55 8.60 7.32 3.60
181.26 -16.55 2.49 0.10 0.58
181.93 -16.55 -3.03 -7.15 -2.55
145.57 -15.84 -16.45 -3.73 16.88
146.24 -15.84 -16.88 -3.24 16.06
146.92 -15.84 -22.40 -3.31 19.27
147.59 -15.84 -33.87 -2.14 27.32
148.26 -15.84 -60.42 1.17 41.21
148.94 -15.84 -106.66 2.61 51.52
149.61 -15.84 -113.51 -4.81 29.28
150.28 -15.84 -31.96 -12.46 -15.69
150.96 -15.84 75.45 -3.20 -38.67
151.63 -15.84 104.52 11.10 -25.14
152.30 -15.84 53.30 10.39 -5.27
152.98 -15.84 10.92 3.83 0.65
153.65 -15.84 -5.41 1.29 5.85
154.32 -15.84 -38.08 -1.27 31.26
155.00 -15.84 -98.31 -9.39 70.31
155.67 -15.84 -139.53 -19.43 87.72
156.34 -15.84 -141.97 -23.17 84.14
157.02 -15.84 -157.51 -24.23 90.83
157.69 -15.84 -195.36 -31.88 96.20
158.36 -15.84 -203.63 -44.14 80.81
159.04 -15.84 -174.79 -56.01 64.08
159.71 -15.84 -167.24 -71.88 60.82
160.38 -15.84 -174.11 -84.32 46.68
161.06 -15.84 -152.37 -88.72 20.84
161.73 -15.84 -121.90 -95.37 10.09
162.40 -15.84 -97.92 -105.43 3.89
163.08 -15.84 -61.52 -88.93 -14.42
163.75 -15.84 -28.49 -33.19 -35.91
164.42 -15.84 -7.03 20.41 -53.15
165.10 -15.84 5.41 35.85 -49.12
165.77 -15.84 3.16 18.15 -21.34
166.44 -15.84 -8.31 -8.11 3.03
167.12 -15.84 -4.80 -11.23 7.80
167.79 -15.84 11.26 3.43 2.84
168.46 -15.84 18.57 10.91 -1.08
169.14 -15.84 16.60 12.12 -6.07
169.81 -15.84 18.34 18.28 -12.37
170.48 -15.84 30.56 26.80 -17.64
171.16 -15.84 66.12 31.62 -22.83
171.83 -15.84 130.55 40.72 -20.42
172.50 -15.84 170.33 51.40 0.17
173.18 -15.84 145.41 50.12 19.32
173.85 -15.84 99.73 40.95 20.72
174.52 -15.84 59.77 30.33 13.43
175.20 -15.84 32.91 24.18 5.09
175.87 -15.84 27.46 26.54 2.04
176.54 -15.84 31.10 28.09 5.18
177.22 -15.84 25.92 20.48 6.87
177.89 -15.84 13.74 9.86 4.70
178.56 -15.84 8.09 7.36 4.03
179.24 -15.84 9.30 10.51 5.23
179.91 -15.84 11.52 12.20 5.17
180.58 -15.84 9.85 8.82 3.79
181.26 -15.84 4.15 2.16 1.90
181.93 -15.84 -0.70 -4.05 -0.10
145.57 -15.14 -10.62 -1.02 10.41
146.24 -15.14 -12.90 -1.61 11.75
146.92 -15.14 -19.45 -2.95 15.83
147.59 -15.14 -28.63 -2.93 22.95
148.26 -15.14 -36.64 0.21 28.48
148.94 -15.14 -47.09 4.19 28.45
149.61 -15.14 -41.31 2.45 14.55
150.28 -15.14 -0.94 -2.78 -8.61
150.96 -15.14 49.32 -1.96 -21.14
151.63 -15.14 63.40 4.54 -15.89
152.30 -15.14 31.76 4.64 -2.99
152.98 -15.14 1.57 -0.76 6.21
153.65 -15.14 -10.86 -3.03 12.32
154.32 -15.14 -33.16 -1.82 29.49
155.00 -15.14 -81.83 -1.99 61.73
155.67 -15.14 -126.80 -7.38 84.69
156.34 -15.14 -137.54 -13.95 84.47
157.02 -15.14 -140.52 -15.26 82.62
157.69 -15.14 -159.72 -14.98 86.33
158.36 -15.14 -178.75 -22.24 87.41
159.04 -15.14 -192.10 -45.89 90.24
159.71 -15.14 -225.18 -86.75 90.79
160.38 -15.14 -232.89 -120.69 62.46
161.06 -15.14 -199.47 -137.74 27.12
161.73 -15.14 -168.94 -155.50 11.26
162.40 -15.14 -132.83 -177.35 -3.85
163.08 -15.14 -60.04 -145.36 -48.18
163.75 -15.14 22.71 -19.72 -118.02
164.42 -15.14 102.25 114.13 -159.36
165.10 -15.14 142.42 165.93 -117.49
165.77 -15.14 104.89 127.20 -34.89
166.44 -15.14 38.22 55.06 10.63
167.12 -15.14 14.92 19.88 14.30
167.79 -15.14 25.81 19.56 6.00
168.46 -15.14 26.73 17.64 0.28
169.14 -15.14 15.24 10.53 -3.26
169.81 -15.14 10.98 12.24 -7.24
170.48 -15.14 17.94 20.72 -11.17
171.16 -15.14 42.66 24.89 -15.54
171.83 -15.14 102.09 30.88 -16.92
172.50 -15.14 149.74 39.33 -4.90
173.18 -15.14 125.40 40.33 9.08
173.85 -15.14 75.19 32.21 9.73
174.52 -15.14 38.60 21.32 4.72
175.20 -15.14 20.67 17.88 0.53
175.87 -15.14 19.63 21.19 -0.29
176.54 -15.14 24.78 22.66 2.29
177.22 -15.14 25.25 18.12 4.66
177.89 -15.14 19.28 12.28 5.43
178.56 -15.14 14.32 12.48 5.90
179.24 -15.14 11.91 14.43 5.52
179.91 -15.14 9.74 12.28 3.80
180.58 -15.14 7.77 8.46 2.58
181.26 -15.14 6.49 6.32 3.45
181.93 -15.14 5.49 4.57 4.35
145.57 -14.44 -12.43 -2.20 10.31
146.24 -14.44 -14.21 -2.87 12.16
146.92 -14.44 -14.56 -2.90 11.71
147.59 -14.44 -15.81 -1.89 12.69
148.26 -14.44 -14.24 0.26 12.83
148.94 -14.44 -11.56 2.45 10.32
149.61 -14.44 -7.34 2.23 5.29
150.28 -14.44 2.71 0.84 -1.57
150.96 -14.44 13.43 0.55 -4.76
151.63 -14.44 17.18 3.06 -3.80
152.30 -14.44 6.15 1.45 2.93
152.98 -14.44 -8.15 -4.49 12.08
153.65 -14.44 -13.93 -6.73 15.94
154.32 -14.44 -22.18 -3.50 20.90
155.00 -14.44 -56.68 0.83 44.57
155.67 -14.44 -114.08 -2.23 80.04
156.34 -14.44 -148.27 -13.04 91.91
157.02 -14.44 -144.81 -18.66 81.96
157.69 -14.44 -142.69 -14.24 79.01
158.36 -14.44 -166.78 -9.91 92.08
159.04 -14.44 -231.08 -22.27 118.33
159.71 -14.44 -331.99 -68.03 131.61
160.38 -14.44 -372.71 -136.46 87.00
161.06 -14.44 -327.27 -188.71 23.32
161.73 -14.44 -259.90 -221.26 -15.28
162.40 -14.44 -175.29 -253.08 -54.77
163.08 -14.44 -35.75 -215.46 -146.27
163.75 -14.44 147.85 -42.13 -285.99
164.42 -14.44 349.97 171.58 -329.89
165.10 -14.44 435.52 299.28 -171.49
165.77 -14.44 306.23 276.99 21.42
166.44 -14.44 127.91 166.08 75.69
167.12 -14.44 53.17 83.77 46.97
167.79 -14.44 42.82 46.95 18.76
168.46 -14.44 28.64 23.77 4.18
169.14 -14.44 13.13 11.32 -1.53
169.81 -14.44 10.43 13.08 -4.80
170.48 -14.44 14.58 18.35 -7.84
171.16 -14.44 30.79 20.30 -10.78
171.83 -14.44 77.75 26.03 -12.89
172.50 -14.44 116.57 32.67 -8.04
173.18 -14.44 92.28 34.02 -1.02
173.85 -14.44 49.43 28.13 -0.34
174.52 -14.44 26.77 20.02 -1.11
175.20 -14.44 19.55 18.03 -0.43
175.87 -14.44 17.80 18.17 0.41
176.54 -14.44 20.97 18.31 1.23
177.22 -14.44 26.31 19.48 3.02
177.89 -14.44 25.23 19.25 5.75
178.56 -14.44 18.42 18.02 6.43
179.24 -14.44 12.25 16.12 4.77
179.91 -14.44 8.33 12.36 2.99
180.58 -14.44 7.54 9.88 2.85
181.26 -14.44 9.69 11.04 5.83
181.93 -14.44 11.38 12.07 8.76
145.57 -13.73 -14.49 -3.86 12.29
146.24 -13.73 -14.46 -3.61 13.38
146.92 -13.73 -10.71 -2.26 10.19
147.59 -13.73 -7.53 -0.21 7.34
148.26 -13.73 -4.08 2.00 5.35
148.94 -13.73 -0.30 3.67 2.96
149.61 -13.73 0.78 3.11 1.61
150.28 -13.73 -0.58 0.75 1.75
150.96 -13.73 -3.91 -1.19 4.87
151.63 -13.73 -4.49 -0.09 6.72
152.30 -13.73 -5.97 -1.25 8.78
152.98 -13.73 -10.78 -5.94 13.45
153.65 -13.73 -12.93 -7.76 15.02
154.32 -13.73 -16.08 -4.01 15.00
155.00 -13.73 -45.36 2.58 34.77
155.67 -13.73 -111.41 4.07 78.12
156.34 -13.73 -165.96 -5.44 101.00
157.02 -13.73 -173.63 -16.68 90.05
157.69 -13.73 -163.45 -16.27 79.20
158.36 -13.73 -170.90 -4.33 87.25
159.04 -13.73 -235.30 7.81 115.33
159.71 -13.73 -357.67 -11.84 131.13
160.38 -13.73 -433.71 -83.77 79.48
161.06 -13.73 -404.40 -165.36 -7.60
161.73 -13.73 -313.44 -229.29 -69.11
162.40 -13.73 -182.97 -286.26 -139.68
163.08 -13.73 16.58 -286.47 -279.29
163.75 -13.73 300.82 -174.38 -464.32
164.42 -13.73 654.48 20.05 -484.82
165.10 -13.73 830.83 225.74 -188.25
165.77 -13.73 610.24 315.43 142.73
166.44 -13.73 279.26 252.54 203.38
167.12 -13.73 114.72 149.90 115.49
167.79 -13.73 62.78 76.08 45.07
168.46 -13.73 30.85 32.57 11.04
169.14 -13.73 12.78 15.04 -0.85
169.81 -13.73 10.26 13.75 -4.22
170.48 -13.73 12.91 15.84 -6.45
171.16 -13.73 25.62 18.94 -8.72
171.83 -13.73 61.82 27.46 -9.22
172.50 -13.73 88.55 34.15 -5.85
173.18 -13.73 65.62 33.44 -3.29
173.85 -13.73 36.47 28.74 -3.20
174.52 -13.73 31.48 25.77 -1.36
175.20 -13.73 35.37 27.08 2.37
175.87 -13.73 32.27 25.73 4.35
176.54 -13.73 28.04 21.83 3.95
177.22 -13.73 24.28 19.14 2.95
177.89 -13.73 20.00 18.24 4.43
178.56 -13.73 15.95 17.81 6.03
179.24 -13.73 12.44 16.35 5.60
179.91 -13.73 10.15 14.06 4.24
180.58 -13.73 9.79 11.68 3.76
181.26 -13.73 11.15 10.93 5.79
181.93 -13.73 13.07 11.29 8.30
145.57 -13.03 -9.21 -1.60 9.87
146.24 -13.03 -10.05 -1.45 11.40
146.92 -13.03 -9.29 -0.93 11.05
147.59 -13.03 -7.95 0.27 9.82
148.26 -13.03 -4.78 2.07 6.95
148.94 -13.03 -1.09 3.68 3.86
149.61 -13.03 -0.72 3.26 3.16
150.28 -13.03 -4.70 0.24 5.20
150.96 -13.03 -12.24 -3.33 11.42
151.63 -13.03 -14.88 -4.19 14.90
152.30 -13.03 -11.67 -4.64 12.80
152.98 -13.03 -9.69 -6.16 11.25
153.65 -13.03 -10.03 -6.29 11.89
154.32 -13.03 -13.83 -3.14 13.81
155.00 -13.03 -38.99 3.15 31.19
155.67 -13.03 -97.76 10.14 69.30
156.34 -13.03 -160.97 9.19 95.78
157.02 -13.03 -194.12 0.15 93.81
157.69 -13.03 -193.51 -2.43 83.09
158.36 -13.03 -186.16 6.45 80.66
159.04 -13.03 -220.46 22.42 90.53
159.71 -13.03 -301.11 20.01 86.67
160.38 -13.03 -362.57 -27.71 37.32
161.06 -13.03 -354.83 -108.56 -37.59
161.73 -13.03 -283.92 -202.30 -97.07
162.40 -13.03 -154.25 -292.74 -175.12
163.08 -13.03 44.37 -351.34 -319.48
163.75 -13.03 334.62 -362.47 -498.83
164.42 -13.03 733.42 -296.29 -506.41
165.10 -13.03 991.95 -107.49 -178.00
165.77 -13.03 817.90 124.17 210.64
166.44 -13.03 454.27 227.72 302.83
167.12 -13.03 211.53 183.61 200.69
167.79 -13.03 95.97 97.80 88.95
168.46 -13.03 40.06 42.63 22.83
169.14 -13.03 17.10 21.28 -0.47
169.81 -13.03 12.24 16.12 -5.44
170.48 -13.03 15.46 18.91 -7.30
171.16 -13.03 26.46 24.84 -9.01
171.83 -13.03 52.63 31.88 -7.58
172.50 -13.03 73.42 36.52 -2.65
173.18 -13.03 55.87 33.44 0.30
173.85 -13.03 32.59 27.12 -0.11
174.52 -13.03 32.99 25.77 0.88
175.20 -13.03 43.21 30.06 4.39
175.87 -13.03 43.36 31.95 6.58
176.54 -13.03 35.59 26.77 6.02
177.22 -13.03 20.97 16.68 2.80
177.89 -13.03 11.70 11.52 2.58
178.56 -13.03 11.98 13.06 5.43
179.24 -13.03 13.29 14.77 6.87
179.91 -13.03 13.99 15.16 6.23
180.58 -13.03 16.06 14.27 5.70
181.26 -13.03 20.02 13.76 6.75
181.93 -13.03 26.26 15.31 8.95
145.57 -12.33 -5.15 0.44 8.22
146.24 -12.33 -6.36 0.15 8.85
146.92 -12.33 -8.78 -0.01 10.97
147.59 -12.33 -9.17 0.92 11.30
148.26 -12.33 -5.21 2.52 7.16
148.94 -12.33 -1.30 3.97 3.40
149.61 -12.33 -1.10 3.62 3.16
150.28 -12.33 -4.13 1.26 4.75
150.96 -12.33 -10.54 -1.93 9.85
151.63 -12.33 -14.30 -4.05 14.25
152.30 -12.33 -10.58 -4.28 11.67
152.98 -12.33 -5.56 -3.39 7.08
153.65 -12.33 -5.92 -2.94 7.86
154.32 -12.33 -10.66 -2.16 12.15
155.00 -12.33 -26.41 0.30 24.68
155.67 -12.33 -62.07 7.48 47.44
156.34 -12.33 -111.03 14.43 68.01
157.02 -12.33 -150.34 15.39 75.93
157.69 -12.33 -162.34 16.04 73.60
158.36 -12.33 -165.13 19.68 69.67
159.04 -12.33 -194.92 28.79 67.81
159.71 -12.33 -245.37 26.46 51.05
160.38 -12.33 -271.64 -6.63 15.45
161.06 -12.33 -269.81 -73.74 -25.34
161.73 -12.33 -246.75 -174.07 -70.75
162.40 -12.33 -168.14 -281.72 -143.80
163.08 -12.33 -19.38 -355.75 -265.97
163.75 -12.33 200.48 -408.17 -413.69
164.42 -12.33 510.88 -447.47 -428.25
165.10 -12.33 773.85 -376.91 -196.10
165.77 -12.33 783.63 -146.30 117.15
166.44 -12.33 589.45 71.09 275.81
167.12 -12.33 340.76 127.10 261.60
167.79 -12.33 147.53 83.48 142.31
168.46 -12.33 57.66 44.67 39.05
169.14 -12.33 31.04 30.47 0.66
169.81 -12.33 27.51 28.10 -6.92
170.48 -12.33 33.70 33.08 -7.77
171.16 -12.33 41.03 37.93 -8.00
171.83 -12.33 53.27 39.17 -6.99
172.50 -12.33 68.57 40.11 -2.40
173.18 -12.33 62.46 37.19 3.62
173.85 -12.33 43.13 30.41 5.57
174.52 -12.33 33.28 26.56 4.85
175.20 -12.33 33.92 27.85 4.93
175.87 -12.33 34.41 29.92 4.74
176.54 -12.33 28.37 25.07 3.65
177.22 -12.33 14.41 13.06 1.10
177.89 -12.33 5.78 5.57 0.89
178.56 -12.33 6.70 5.80 3.38
179.24 -12.33 10.79 9.20 5.52
179.91 -12.33 16.62 14.30 7.16
180.58 -12.33 23.88 19.05 8.91
181.26 -12.33 33.38 23.65 10.77
181.93 -12.33 45.00 27.70 13.00
145.57 -11.62 -5.86 -0.70 8.97
146.24 -11.62 -4.89 -0.30 6.35
146.92 -11.62 -9.37 -0.32 9.16
147.59 -11.62 -12.58 0.56 11.72
148.26 -11.62 -7.55 2.59 7.81
148.94 -11.62 -2.15 4.34 3.60
149.61 -11.62 -1.11 4.36 2.87
150.28 -11.62 -1.73 3.13 2.50
150.96 -11.62 -4.60 1.34 4.21
151.63 -11.62 -8.20 -0.82 8.36
152.30 -11.62 -4.75 -0.29 6.72
152.98 -11.62 1.78 2.65 1.52
153.65 -11.62 -1.74 2.23 4.86
154.32 -11.62 -10.05 -0.63 12.25
155.00 -11.62 -18.52 -2.67 20.28
155.67 -11.62 -37.30 -0.17 31.89
156.34 -11.62 -72.08 5.30 46.67
157.02 -11.62 -102.58 8.85 56.67
157.69 -11.62 -107.56 10.66 55.62
158.36 -11.62 -109.56 13.49 51.45
159.04 -11.62 -143.48 23.06 49.85
159.71 -11.62 -187.68 23.92 39.88
160.38 -11.62 -187.30 -0.88 24.10
161.06 -11.62 -176.88 -47.83 11.16
161.73 -11.62 -198.67 -125.91 -17.06
162.40 -11.62 -200.04 -223.69 -82.72
163.08 -11.62 -121.66 -277.27 -195.69
163.75 -11.62 30.41 -288.14 -322.46
164.42 -11.62 243.61 -336.51 -339.09
165.10 -11.62 452.40 -379.59 -214.48
165.77 -11.62 583.33 -303.24 -28.25
166.44 -11.62 570.50 -151.76 156.68
167.12 -11.62 386.45 -35.96 238.15
167.79 -11.62 172.62 15.84 151.86
168.46 -11.62 72.37 32.34 43.44
169.14 -11.62 53.79 38.55 0.40
169.81 -11.62 61.24 45.16 -8.30
170.48 -11.62 73.52 51.87 -7.37
171.16 -11.62 74.39 52.35 -5.10
171.83 -11.62 64.79 46.95 -4.87
172.50 -11.62 63.50 42.91 -3.01
173.18 -11.62 66.26 41.15 3.68
173.85 -11.62 63.82 39.89 9.86
174.52 -11.62 54.18 37.35 10.86
175.20 -11.62 37.57 32.15 7.65
175.87 -11.62 26.36 27.86 3.65
176.54 -11.62 18.34 21.14 1.31
177.22 -11.62 8.56 10.84 -0.20
177.89 -11.62 2.87 3.73 -0.31
178.56 -11.62 3.18 1.71 1.40
179.24 -11.62 9.96 5.80 4.51
179.91 -11.62 22.36 15.40 9.17
180.58 -11.62 31.50 23.20 12.89
181.26 -11.62 35.83 28.33 13.93
181.93 -11.62 40.41 30.40 13.83
145.57 -10.92 -6.31 -1.92 8.68
146.24 -10.92 -3.97 -0.28 4.20
146.92 -10.92 -11.82 -0.03 8.45
147.59 -10.92 -21.19 -0.30 15.99
148.26 -10.92 -16.42 1.21 14.28
148.94 -10.92 -8.47 3.05 8.99
149.61 -10.92 -5.06 3.73 6.50
150.28 -10.92 -2.62 3.75 3.74
150.96 -10.92 -2.27 2.93 2.09
151.63 -10.92 -4.29 1.33 4.07
152.30 -10.92 -0.08 2.90 2.15
152.98 -10.92 5.90 6.82 -0.99
153.65 -10.92 -2.41 5.46 7.05
154.32 -10.92 -14.73 0.47 16.92
155.00 -10.92 -19.67 -3.00 20.94
155.67 -10.92 -34.19 -2.77 29.24
156.34 -10.92 -64.93 -0.74 42.59
157.02 -10.92 -83.92 -0.64 47.81
157.69 -10.92 -73.50 -2.53 41.57
158.36 -10.92 -66.24 -0.93 37.31
159.04 -10.92 -97.62 9.65 39.96
159.71 -10.92 -136.14 14.40 39.79
160.38 -10.92 -123.00 -2.14 35.74
161.06 -10.92 -105.29 -29.81 33.06
161.73 -10.92 -143.55 -73.93 19.82
162.40 -10.92 -195.15 -137.59 -25.06
163.08 -10.92 -177.95 -170.25 -118.66
163.75 -10.92 -76.09 -156.40 -229.10
164.42 -10.92 78.59 -176.88 -252.55
165.10 -10.92 211.88 -247.04 -184.29
165.77 -10.92 308.00 -282.88 -84.23
166.44 -10.92 340.02 -238.10 41.49
167.12 -10.92 252.74 -132.59 121.94
167.79 -10.92 119.96 -33.13 85.81
168.46 -10.92 58.17 16.72 22.70
169.14 -10.92 62.07 37.31 -5.37
169.81 -10.92 90.23 51.78 -12.80
170.48 -10.92 117.02 60.22 -10.53
171.16 -10.92 117.77 59.70 -3.76
171.83 -10.92 83.62 50.99 -0.96
172.50 -10.92 53.39 41.33 -2.33
173.18 -10.92 52.03 37.24 -0.17
173.85 -10.92 77.31 41.27 7.22
174.52 -10.92 94.36 45.69 14.38
175.20 -10.92 64.85 39.08 13.84
175.87 -10.92 29.97 28.39 7.52
176.54 -10.92 14.16 18.60 2.72
177.22 -10.92 6.80 9.95 0.20
177.89 -10.92 2.90 3.76 -1.12
178.56 -10.92 3.69 1.78 0.34
179.24 -10.92 13.96 8.54 5.43
179.91 -10.92 30.97 20.81 12.51
180.58 -10.92 38.86 27.75 16.87
181.26 -10.92 34.64 29.28 16.25
181.93 -10.92 29.67 27.47 13.93
145.57 -10.22 -6.10 -1.66 8.40
146.24 -10.22 -3.92 0.66 4.44
146.92 -10.22 -12.10 1.52 8.68
147.59 -10.22 -24.03 0.43 18.32
148.26 -10.22 -22.72 0.32 19.82
148.94 -10.22 -16.35 1.47 15.64
149.61 -10.22 -11.16 2.27 11.72
150.28 -10.22 -5.84 2.61 7.26
150.96 -10.22 -3.12 2.23 3.92
151.63 -10.22 -3.66 1.12 4.06
152.30 -10.22 -1.25 2.27 2.77
152.98 -10.22 0.93 4.76 2.36
153.65 -10.22 -8.60 3.24 11.23
154.32 -10.22 -20.99 -0.77 20.33
155.00 -10.22 -24.63 -3.18 21.79
155.67 -10.22 -34.00 -3.88 27.56
156.34 -10.22 -51.05 -4.65 36.66
157.02 -10.22 -54.40 -6.03 36.10
157.69 -10.22 -42.66 -7.76 29.62
158.36 -10.22 -41.38 -7.32 29.48
159.04 -10.22 -69.02 -0.80 35.51
159.71 -10.22 -100.00 2.42 37.97
160.38 -10.22 -92.80 -8.45 35.16
161.06 -10.22 -83.20 -24.09 35.20
161.73 -10.22 -121.84 -44.37 31.07
162.40 -10.22 -178.85 -73.79 5.82
163.08 -10.22 -185.59 -88.18 -55.53
163.75 -10.22 -121.81 -77.34 -140.02
164.42 -10.22 -14.80 -81.97 -177.66
165.10 -10.22 67.64 -116.39 -140.48
165.77 -10.22 109.11 -146.77 -75.67
166.44 -10.22 137.66 -134.53 -18.73
167.12 -10.22 127.55 -75.87 15.88
167.79 -10.22 69.82 -16.62 14.77
168.46 -10.22 33.58 11.93 0.35
169.14 -10.22 44.54 28.18 -10.66
169.81 -10.22 84.05 43.22 -18.41
170.48 -10.22 131.20 52.41 -18.02
171.16 -10.22 147.49 55.59 -7.69
171.83 -10.22 104.46 50.22 0.17
172.50 -10.22 52.19 39.60 -1.53
173.18 -10.22 41.14 32.43 -4.23
173.85 -10.22 82.42 34.96 0.08
174.52 -10.22 122.31 42.85 10.61
175.20 -10.22 89.11 40.51 15.98
175.87 -10.22 37.52 28.70 11.32
176.54 -10.22 14.23 16.97 4.90
177.22 -10.22 7.50 9.89 1.32
177.89 -10.22 5.23 6.08 -0.64
178.56 -10.22 8.53 7.18 0.94
179.24 -10.22 21.38 16.38 6.92
179.91 -10.22 36.38 27.31 13.81
180.58 -10.22 40.03 31.66 17.74
181.26 -10.22 36.54 31.58 18.23
181.93 -10.22 34.63 29.31 17.79
145.57 -9.51 -6.39 -0.81 8.74
146.24 -9.51 -4.90 1.25 6.03
146.92 -9.51 -10.18 1.79 9.04
147.59 -9.51 -18.13 0.49 15.90
148.26 -9.51 -20.47 0.13 19.17
148.94 -9.51 -19.36 1.35 18.22
149.61 -9.51 -15.00 1.67 14.83
150.28 -9.51 -9.06 0.91 10.63
150.96 -9.51 -5.62 0.32 7.69
151.63 -9.51 -5.39 -0.27 7.32
152.30 -9.51 -5.51 -0.04 7.43
152.98 -9.51 -5.94 0.65 7.07
153.65 -9.51 -14.86 -0.84 13.05
154.32 -9.51 -31.68 -3.86 23.20
155.00 -9.51 -43.70 -6.05 28.03
155.67 -9.51 -45.95 -7.65 29.86
156.34 -9.51 -39.47 -9.07 29.10
157.02 -9.51 -27.44 -8.32 22.64
157.69 -9.51 -21.39 -7.27 19.59
158.36 -9.51 -30.89 -8.33 25.72
159.04 -9.51 -53.48 -7.11 33.32
159.71 -9.51 -71.57 -6.14 34.03
160.38 -9.51 -70.95 -11.74 31.22
161.06 -9.51 -77.13 -19.36 34.50
161.73 -9.51 -116.84 -28.07 34.10
162.40 -9.51 -161.99 -41.06 17.42
163.08 -9.51 -170.86 -50.05 -15.51
163.75 -9.51 -138.33 -50.09 -62.76
164.42 -9.51 -77.53 -49.61 -98.66
165.10 -9.51 -19.66 -50.48 -87.81
165.77 -9.51 18.13 -49.37 -47.47
166.44 -9.51 61.13 -36.70 -28.12
167.12 -9.51 86.38 -13.66 -22.97
167.79 -9.51 53.77 3.61 -13.19
168.46 -9.51 20.80 11.21 -8.10
169.14 -9.51 26.08 21.44 -12.44
169.81 -9.51 59.48 33.33 -20.43
170.48 -9.51 107.39 39.34 -22.53
171.16 -9.51 134.14 43.41 -14.35
171.83 -9.51 103.71 45.33 -5.01
172.50 -9.51 56.47 41.85 -3.46
173.18 -9.51 44.00 36.43 -5.74
173.85 -9.51 76.42 35.28 -4.47
174.52 -9.51 106.81 39.26 2.35
175.20 -9.51 79.73 36.70 8.40
175.87 -9.51 35.06 24.11 7.94
176.54 -9.51 12.40 12.29 4.04
177.22 -9.51 6.49 8.02 1.42
177.89 -9.51 7.04 9.17 0.45
178.56 -9.51 13.66 14.14 2.64
179.24 -9.51 27.34 22.53 8.08
179.91 -9.51 39.63 30.75 13.75
180.58 -9.51 40.66 33.81 17.61
181.26 -9.51 40.26 33.64 20.45
181.93 -9.51 43.57 31.76 23.18
145.57 -8.81 -12.28 -0.54 14.19
146.24 -8.81 -13.22 0.20 12.95
146.92 -8.81 -15.28 0.21 13.14
147.59 -8.81 -14.77 0.06 13.51
148.26 -8.81 -16.06 0.82 15.42
148.94 -8.81 -19.69 2.43 18.07
149.61 -8.81 -17.51 2.07 16.50
150.28 -8.81 -11.42 0.29 12.64
150.96 -8.81 -7.54 -0.46 10.05
151.63 -8.81 -6.24 -0.47 8.70
152.30 -8.81 -8.21 -1.10 10.45
152.98 -8.81 -12.67 -1.98 12.71
153.65 -8.81 -24.12 -3.39 18.82
154.32 -8.81 -45.94 -5.69 30.41
155.00 -8.81 -66.37 -8.40 38.11
155.67 -8.81 -63.89 -10.32 35.61
156.34 -8.81 -40.62 -9.97 25.73
157.02 -8.81 -18.25 -6.49 14.51
157.69 -8.81 -12.92 -4.42 12.83
158.36 -8.81 -25.29 -7.12 22.13
159.04 -8.81 -42.19 -9.16 30.39
159.71 -8.81 -47.79 -9.16 30.04
160.38 -8.81 -46.40 -10.93 28.55
161.06 -8.81 -61.82 -13.40 33.98
161.73 -8.81 -98.29 -15.06 36.20
162.40 -8.81 -125.86 -19.10 26.07
163.08 -8.81 -128.03 -26.31 10.69
163.75 -8.81 -111.53 -32.06 -6.62
164.42 -8.81 -82.35 -33.49 -24.82
165.10 -8.81 -51.33 -30.77 -25.82
165.77 -8.81 -20.75 -25.96 -9.70
166.44 -8.81 16.80 -16.60 -8.80
167.12 -8.81 40.45 -6.03 -15.19
167.79 -8.81 28.34 2.57 -11.41
168.46 -8.81 14.27 10.30 -9.84
169.14 -8.81 23.58 19.95 -16.49
169.81 -8.81 51.96 30.64 -24.67
170.48 -8.81 85.06 36.44 -25.11
171.16 -8.81 100.06 39.55 -18.09
171.83 -8.81 80.58 44.10 -10.61
172.50 -8.81 57.31 46.87 -5.51
173.18 -8.81 55.75 45.36 -2.62
173.85 -8.81 70.15 42.62 -1.79
174.52 -8.81 77.04 41.14 -0.54
175.20 -8.81 60.60 35.23 3.54
175.87 -8.81 31.36 21.71 5.83
176.54 -8.81 10.91 10.21 3.63
177.22 -8.81 4.50 6.57 1.34
177.89 -8.81 6.01 10.03 1.26
178.56 -8.81 11.61 15.42 3.80
179.24 -8.81 20.00 19.03 7.18
179.91 -8.81 30.49 24.78 10.88
180.58 -8.81 35.64 29.13 14.54
181.26 -8.81 35.26 29.24 18.26
181.93 -8.81 35.04 26.76 21.57
145.57 -8.11 -19.40 -1.09 21.04
146.24 -8.11 -23.02 -1.44 21.12
146.92 -8.11 -23.73 -1.56 19.01
147.59 -8.11 -17.20 -0.03 14.75
148.26 -8.11 -15.92 2.09 15.19
148.94 -8.11 -22.52 3.75 20.58
149.61 -8.11 -22.40 2.52 20.61
150.28 -8.11 -15.13 0.11 15.76
150.96 -8.11 -9.53 -0.63 11.27
151.63 -8.11 -6.01 -0.08 7.20
152.30 -8.11 -10.04 -0.44 11.03
152.98 -8.11 -25.62 -2.01 22.28
153.65 -8.11 -44.39 -3.35 33.02
154.32 -8.11 -55.83 -4.53 39.09
155.00 -8.11 -60.71 -6.66 39.75
155.67 -8.11 -52.56 -8.21 33.67
156.34 -8.11 -32.31 -6.88 22.03
157.02 -8.11 -13.69 -3.48 11.37
157.69 -8.11 -8.73 -2.20 10.11
158.36 -8.11 -16.46 -4.81 17.18
159.04 -8.11 -25.46 -7.93 23.48
159.71 -8.11 -26.37 -9.26 23.93
160.38 -8.11 -27.55 -10.21 24.43
161.06 -8.11 -45.45 -11.87 30.67
161.73 -8.11 -72.23 -11.98 35.36
162.40 -8.11 -82.32 -11.21 31.42
163.08 -8.11 -75.28 -13.99 23.20
163.75 -8.11 -63.18 -18.04 17.12
164.42 -8.11 -48.79 -21.11 11.64
165.10 -8.11 -36.83 -22.81 9.55
165.77 -8.11 -23.98 -22.40 11.84
166.44 -8.11 -8.51 -16.97 6.77
167.12 -8.11 3.26 -8.77 -1.98
167.79 -8.11 10.23 1.95 -7.35
168.46 -8.11 16.01 12.71 -13.23
169.14 -8.11 32.36 20.65 -22.81
169.81 -8.11 67.84 30.24 -32.01
170.48 -8.11 100.34 39.47 -28.97
171.16 -8.11 103.17 43.56 -19.07
171.83 -8.11 85.90 46.57 -13.62
172.50 -8.11 80.00 49.26 -6.07
173.18 -8.11 79.99 47.73 3.49
173.85 -8.11 72.57 44.10 5.05
174.52 -8.11 63.79 41.16 3.29
175.20 -8.11 57.64 37.20 6.78
175.87 -8.11 39.48 27.65 9.58
176.54 -8.11 16.61 16.19 5.51
177.22 -8.11 5.16 8.77 1.22
177.89 -8.11 3.92 8.37 0.66
178.56 -8.11 6.10 10.53 3.09
179.24 -8.11 9.74 11.03 5.35
179.91 -8.11 20.51 16.89 8.60
180.58 -8.11 31.25 23.57 12.84
181.26 -8.11 28.27 22.05 14.87
181.93 -8.11 20.39 16.82 14.38
145.57 -7.40 -16.54 -1.06 18.39
146.24 -7.40 -20.38 -0.80 20.14
146.92 -7.40 -21.08 -0.51 18.76
147.59 -7.40 -15.34 1.23 14.51
148.26 -7.40 -13.81 3.41 14.61
148.94 -7.40 -20.53 4.86 20.31
149.61 -7.40 -22.81 3.46 21.77
150.28 -7.40 -16.61 0.58 16.50
150.96 -7.40 -11.25 -1.90 10.13
151.63 -7.40 -7.70 -2.96 5.14
152.30 -7.40 -12.96 -1.20 11.01
152.98 -7.40 -39.55 0.33 30.34
153.65 -7.40 -67.10 0.29 45.17
154.32 -7.40 -63.64 -1.95 43.08
155.00 -7.40 -44.16 -4.69 34.08
155.67 -7.40 -28.55 -5.18 25.33
156.34 -7.40 -16.78 -3.49 16.05
157.02 -7.40 -8.16 -1.59 10.02
157.69 -7.40 -6.19 -1.64 10.11
158.36 -7.40 -9.63 -3.73 13.36
159.04 -7.40 -13.03 -6.50 16.95
159.71 -7.40 -14.15 -8.75 19.24
160.38 -7.40 -17.85 -10.47 21.10
161.06 -7.40 -31.34 -12.72 25.66
161.73 -7.40 -45.98 -14.28 30.01
162.40 -7.40 -45.64 -14.04 29.09
163.08 -7.40 -35.84 -13.76 23.73
163.75 -7.40 -27.59 -13.69 19.26
164.42 -7.40 -20.74 -13.82 16.41
165.10 -7.40 -14.88 -13.14 12.98
165.77 -7.40 -9.97 -11.97 9.63
166.44 -7.40 -5.61 -8.52 4.91
167.12 -7.40 1.68 -1.44 -2.45
167.79 -7.40 15.32 9.06 -11.35
168.46 -7.40 26.01 17.40 -18.47
169.14 -7.40 40.24 21.05 -25.90
169.81 -7.40 77.64 27.93 -33.45
170.48 -7.40 114.88 37.68 -28.83
171.16 -7.40 118.77 41.92 -19.15
171.83 -7.40 113.02 42.33 -17.04
172.50 -7.40 116.11 42.23 -8.67
173.18 -7.40 98.73 39.38 4.43
173.85 -7.40 65.68 35.77 6.05
174.52 -7.40 49.05 33.90 3.68
175.20 -7.40 49.92 34.44 6.90
175.87 -7.40 43.01 32.12 9.76
176.54 -7.40 22.23 22.94 5.37
177.22 -7.40 7.02 11.77 0.47
177.89 -7.40 2.59 5.30 -1.13
178.56 -7.40 2.58 3.71 0.58
179.24 -7.40 5.42 5.63 4.09
179.91 -7.40 16.03 14.39 9.95
180.58 -7.40 27.04 22.98 16.02
181.26 -7.40 22.60 19.60 15.64
181.93 -7.40 13.03 11.68 11.22
145.57 -6.70 -7.54 -0.66 8.63
146.24 -6.70 -9.99 0.47 11.31
146.92 -6.70 -10.84 1.40 11.81
147.59 -6.70 -8.21 2.37 9.27
148.26 -6.70 -8.26 3.39 9.94
148.94 -6.70 -15.15 4.34 16.40
149.61 -6.70 -20.51 3.85 19.99
150.28 -6.70 -17.76 1.67 15.92
150.96 -6.70 -15.17 -2.43 10.26
151.63 -6.70 -14.48 -5.93 7.47
152.30 -6.70 -15.95 -2.99 11.98
152.98 -6.70 -37.51 2.67 28.37
153.65 -6.70 -64.60 5.05 42.06
154.32 -6.70 -60.01 1.03 38.61
155.00 -6.70 -34.65 -3.19 27.70
155.67 -6.70 -16.09 -3.06 18.26
156.34 -6.70 -8.14 -1.58 11.72
157.02 -6.70 -5.09 -0.57 9.58
157.69 -6.70 -4.70 -1.32 9.79
158.36 -6.70 -6.48 -3.64 10.44
159.04 -6.70 -8.98 -5.64 13.37
159.71 -6.70 -11.18 -7.33 17.50
160.38 -6.70 -13.22 -8.85 18.97
161.06 -6.70 -18.18 -9.81 19.39
161.73 -6.70 -22.44 -10.40 20.36
162.40 -6.70 -19.60 -11.10 20.25
163.08 -6.70 -14.19 -11.07 17.92
163.75 -6.70 -9.94 -8.77 13.78
164.42 -6.70 -5.10 -4.71 8.72
165.10 -6.70 1.30 0.36 2.27
165.77 -6.70 6.27 3.53 -2.95
166.44 -6.70 6.96 4.17 -4.14
167.12 -6.70 8.82 6.77 -6.57
167.79 -6.70 19.41 12.84 -13.66
168.46 -6.70 33.94 18.02 -21.10
169.14 -6.70 52.36 22.86 -27.76
169.81 -6.70 80.79 30.41 -30.57
170.48 -6.70 99.12 36.63 -24.27
171.16 -6.70 96.35 36.28 -18.86
171.83 -6.70 101.37 32.27 -19.60
172.50 -6.70 106.44 29.96 -13.00
173.18 -6.70 77.47 28.01 -2.21
173.85 -6.70 39.39 24.01 0.38
174.52 -6.70 24.61 21.22 -0.52
175.20 -6.70 27.50 23.15 1.52
175.87 -6.70 28.64 26.22 3.96
176.54 -6.70 17.97 22.95 2.29
177.22 -6.70 7.53 13.81 -0.15
177.89 -6.70 4.13 5.52 -1.52
178.56 -6.70 5.14 3.15 0.23
179.24 -6.70 8.78 7.77 5.69
179.91 -6.70 16.38 16.92 12.62
180.58 -6.70 23.75 24.66 18.56
181.26 -6.70 20.37 22.52 18.28
181.93 -6.70 14.66 16.65 14.90
145.57 -6.00 -1.65 -0.59 1.21
146.24 -6.00 -3.10 0.38 3.77
146.92 -6.00 -5.20 1.12 6.82
147.59 -6.00 -4.68 1.51 6.20
148.26 -6.00 -4.60 2.26 5.84
148.94 -6.00 -11.72 3.19 12.12
149.61 -6.00 -23.54 3.60 19.86
150.28 -6.00 -28.77 2.38 21.46
150.96 -6.00 -26.38 -0.67 18.84
151.63 -6.00 -23.76 -3.17 17.21
152.30 -6.00 -18.33 -1.98 16.80
152.98 -6.00 -23.17 1.53 21.81
153.65 -6.00 -36.66 3.31 28.89
154.32 -6.00 -36.82 0.15 28.74
155.00 -6.00 -22.93 -2.28 21.43
155.67 -6.00 -10.35 -1.46 13.27
156.34 -6.00 -6.04 -0.88 10.14
157.02 -6.00 -5.79 -0.52 10.81
157.69 -6.00 -5.02 -0.87 9.75
158.36 -6.00 -4.58 -2.20 7.44
159.04 -6.00 -6.28 -2.91 9.03
159.71 -6.00 -8.89 -3.99 13.58
160.38 -6.00 -8.86 -5.16 14.36
161.06 -6.00 -6.31 -4.32 10.72
161.73 -6.00 -0.70 -1.48 6.39
162.40 -6.00 4.66 0.04 4.71
163.08 -6.00 2.65 -1.27 5.68
163.75 -6.00 0.99 -0.08 3.66
164.42 -6.00 6.23 5.36 -3.21
165.10 -6.00 14.71 12.01 -11.46
165.77 -6.00 20.00 15.68 -16.30
166.44 -6.00 17.54 13.55 -13.61
167.12 -6.00 11.65 10.04 -9.47
167.79 -6.00 16.33 10.39 -11.98
168.46 -6.00 40.12 14.27 -20.98
169.14 -6.00 74.21 23.41 -31.26
169.81 -6.00 91.19 33.02 -30.45
170.48 -6.00 80.46 36.81 -21.99
171.16 -6.00 61.46 35.70 -18.65
171.83 -6.00 61.00 32.70 -18.57
172.50 -6.00 62.78 29.69 -14.07
173.18 -6.00 41.71 24.93 -7.06
173.85 -6.00 17.88 17.20 -3.29
174.52 -6.00 9.11 11.50 -2.81
175.20 -6.00 10.20 11.44 -2.40
175.87 -6.00 11.73 14.58 -0.98
176.54 -6.00 9.78 17.31 -0.33
177.22 -6.00 8.81 15.83 -0.04
177.89 -6.00 12.41 12.32 0.52
178.56 -6.00 18.85 11.97 4.65
179.24 -6.00 21.82 15.42 11.66
179.91 -6.00 19.54 18.66 14.62
180.58 -6.00 18.15 20.90 15.37
181.26 -6.00 16.44 20.54 15.90
181.93 -6.00 16.66 20.42 16.99
145.57 -5.29 -6.67 0.61 5.83
146.24 -5.29 -6.49 0.14 6.31
146.92 -5.29 -7.19 -0.21 8.52
147.59 -5.29 -5.29 0.40 6.83
148.26 -5.29 -3.18 1.85 3.76
148.94 -5.29 -9.93 2.94 8.62
149.61 -5.29 -27.58 3.62 20.12
150.28 -5.29 -38.81 2.64 26.84
150.96 -5.29 -31.17 0.85 24.17
151.63 -5.29 -21.74 0.22 20.34
152.30 -5.29 -14.85 -0.10 17.77
152.98 -5.29 -11.59 -0.06 15.60
153.65 -5.29 -14.24 -0.06 16.59
154.32 -5.29 -17.05 -1.55 19.24
155.00 -5.29 -13.91 -1.48 16.74
155.67 -5.29 -7.32 0.13 10.15
156.34 -5.29 -5.24 0.24 8.08
157.02 -5.29 -6.84 -0.33 9.71
157.69 -5.29 -6.05 -0.38 7.96
158.36 -5.29 -2.85 0.23 3.32
159.04 -5.29 -2.27 0.71 3.04
159.71 -5.29 -3.47 -0.17 5.78
160.38 -5.29 -1.43 -0.62 4.34
161.06 -5.29 5.20 1.43 -1.28
161.73 -5.29 19.35 6.39 -9.19
162.40 -5.29 32.35 10.83 -14.86
163.08 -5.29 26.12 10.42 -12.39
163.75 -5.29 16.46 10.19 -10.26
164.42 -5.29 19.87 14.48 -15.72
165.10 -5.29 25.80 18.89 -22.42
165.77 -5.29 24.96 19.48 -23.81
166.44 -5.29 19.04 15.83 -18.38
167.12 -5.29 11.80 10.75 -11.54
167.79 -5.29 17.07 8.60 -11.52
168.46 -5.29 52.19 11.87 -20.97
169.14 -5.29 95.38 21.81 -32.60
169.81 -5.29 93.91 31.10 -30.90
170.48 -5.29 63.47 34.49 -22.86
171.16 -5.29 39.42 34.69 -18.88
171.83 -5.29 37.49 34.48 -16.35
172.50 -5.29 43.34 32.62 -11.96
173.18 -5.29 34.10 26.93 -6.33
173.85 -5.29 18.26 19.06 -2.69
174.52 -5.29 9.18 13.25 -2.63
175.20 -5.29 6.44 10.65 -3.64
175.87 -5.29 4.79 9.06 -3.09
176.54 -5.29 5.39 12.50 -1.33
177.22 -5.29 10.45 16.93 0.88
177.89 -5.29 20.86 19.28 3.87
178.56 -5.29 32.35 20.25 10.08
179.24 -5.29 32.55 17.79 16.25
179.91 -5.29 19.87 13.68 13.76
180.58 -5.29 10.47 11.52 9.27
181.26 -5.29 9.83 12.61 10.40
181.93 -5.29 13.89 16.83 15.16
145.57 -4.59 -17.14 2.34 17.10
146.24 -4.59 -14.46 0.33 14.30
146.92 -4.59 -10.52 -1.63 11.59
147.59 -4.59 -5.87 -1.11 7.22
148.26 -4.59 -3.10 0.99 3.70
148.94 -4.59 -7.29 2.44 6.83
149.61 -4.59 -20.02 3.26 16.46
150.28 -4.59 -27.85 2.49 22.22
150.96 -4.59 -19.46 1.62 17.31
151.63 -4.59 -9.90 1.69 11.14
152.30 -4.59 -6.63 1.22 9.67
152.98 -4.59 -4.94 0.59 8.07
153.65 -4.59 -5.31 -0.03 7.82
154.32 -4.59 -8.60 -0.98 11.72
155.00 -4.59 -9.60 -0.37 13.35
155.67 -4.59 -6.25 1.22 9.22
156.34 -4.59 -6.13 1.07 7.48
157.02 -4.59 -10.78 -1.00 9.95
157.69 -4.59 -10.34 -1.50 7.37
158.36 -4.59 -2.81 0.75 -0.33
159.04 -4.59 0.79 1.79 -1.98
159.71 -4.59 1.18 1.25 -0.57
160.38 -4.59 5.20 2.54 -4.99
161.06 -4.59 12.58 5.77 -11.20
161.73 -4.59 29.13 9.37 -18.98
162.40 -4.59 50.12 13.03 -28.08
163.08 -4.59 49.00 15.19 -27.47
163.75 -4.59 36.88 16.61 -22.90
164.42 -4.59 35.95 19.76 -24.44
165.10 -4.59 32.48 20.36 -25.96
165.77 -4.59 21.41 16.67 -21.56
166.44 -4.59 13.14 12.80 -14.60
167.12 -4.59 11.67 11.36 -11.52
167.79 -4.59 23.72 11.47 -14.70
168.46 -4.59 62.29 14.40 -22.77
169.14 -4.59 98.96 21.30 -29.72
169.81 -4.59 81.54 27.00 -27.24
170.48 -4.59 44.80 27.96 -20.71
171.16 -4.59 25.58 27.10 -16.19
171.83 -4.59 30.06 28.86 -13.47
172.50 -4.59 45.21 30.06 -9.60
173.18 -4.59 45.44 27.66 -4.41
173.85 -4.59 31.00 24.87 -1.86
174.52 -4.59 16.61 22.46 -2.96
175.20 -4.59 8.51 17.91 -4.12
175.87 -4.59 3.81 10.16 -3.19
176.54 -4.59 2.91 7.36 -0.89
177.22 -4.59 6.81 9.80 1.80
177.89 -4.59 15.72 14.13 5.02
178.56 -4.59 25.42 16.60 9.83
179.24 -4.59 24.76 11.83 12.53
179.91 -4.59 13.34 5.80 8.32
180.58 -4.59 4.92 3.40 4.08
181.26 -4.59 5.26 5.82 6.73
181.93 -4.59 9.75 11.27 12.91
145.57 -3.89 -16.20 2.22 17.45
146.24 -3.89 -13.73 -0.40 14.91
146.92 -3.89 -9.35 -3.15 10.81
147.59 -3.89 -5.69 -2.73 6.73
148.26 -3.89 -5.05 -0.11 5.87
148.94 -3.89 -6.30 1.80 7.35
149.61 -3.89 -10.09 2.70 11.26
150.28 -3.89 -12.65 2.52 14.13
150.96 -3.89 -7.87 2.23 9.49
151.63 -3.89 -2.44 1.77 3.45
152.30 -3.89 -2.17 1.07 3.48
152.98 -3.89 -3.55 0.83 5.37
153.65 -3.89 -4.93 0.24 7.09
154.32 -3.89 -6.84 -0.61 10.03
155.00 -3.89 -7.31 -0.31 11.37
155.67 -3.89 -5.23 0.98 8.20
156.34 -3.89 -6.91 0.79 7.53
157.02 -3.89 -14.10 -2.27 11.66
157.69 -3.89 -14.07 -3.58 8.90
158.36 -3.89 -3.80 -0.71 -0.70
159.04 -3.89 1.62 0.83 -3.53
159.71 -3.89 1.49 0.04 -1.17
160.38 -3.89 4.35 1.49 -4.61
161.06 -3.89 10.51 5.10 -11.01
161.73 -3.89 24.77 7.67 -18.37
162.40 -3.89 47.06 10.00 -28.90
163.08 -3.89 53.68 13.76 -32.24
163.75 -3.89 46.02 17.24 -29.48
164.42 -3.89 40.96 18.24 -26.77
165.10 -3.89 28.88 15.30 -21.83
165.77 -3.89 13.55 9.78 -13.35
166.44 -3.89 6.48 6.42 -6.43
167.12 -3.89 10.65 9.26 -8.51
167.79 -3.89 25.87 13.87 -16.66
168.46 -3.89 52.14 16.21 -22.74
169.14 -3.89 68.80 17.99 -23.81
169.81 -3.89 49.50 19.51 -20.33
170.48 -3.89 23.27 17.77 -14.67
171.16 -3.89 12.47 15.70 -10.26
171.83 -3.89 17.64 18.61 -9.17
172.50 -3.89 31.85 21.42 -7.44
173.18 -3.89 38.55 20.75 -3.56
173.85 -3.89 31.41 22.75 -2.28
174.52 -3.89 18.68 25.08 -3.66
175.20 -3.89 9.37 21.13 -3.64
175.87 -3.89 3.90 11.00 -1.70
176.54 -3.89 1.34 2.39 0.24
177.22 -3.89 2.18 0.73 1.84
177.89 -3.89 6.18 4.93 3.48
178.56 -3.89 10.46 8.61 5.59
179.24 -3.89 9.99 5.55 6.01
179.91 -3.89 5.13 0.68 3.36
180.58 -3.89 1.64 -1.14 1.93
181.26 -3.89 2.60 1.40 5.57
181.93 -3.89 5.76 6.01 11.14
145.57 -3.18 -7.73 1.15 8.90
146.24 -3.18 -7.67 -1.15 9.36
146.92 -3.18 -6.09 -2.91 7.78
147.59 -3.18 -5.17 -1.79 5.85
148.26 -3.18 -7.52 0.41 8.12
148.94 -3.18 -7.91 1.35 9.23
149.61 -3.18 -7.18 1.92 9.56
150.28 -3.18 -8.09 2.62 12.03
150.96 -3.18 -5.74 2.87 9.28
151.63 -3.18 -2.23 1.54 3.85
152.30 -3.18 -2.75 -0.04 4.18
152.98 -3.18 -5.50 -0.37 7.77
153.65 -3.18 -7.79 -0.63 10.92
154.32 -3.18 -8.16 -0.94 12.01
155.00 -3.18 -6.69 -0.89 10.46
155.67 -3.18 -3.87 -0.07 5.76
156.34 -3.18 -4.77 -0.28 4.82
157.02 -3.18 -10.66 -3.22 9.47
157.69 -3.18 -10.93 -4.61 8.14
158.36 -3.18 -3.01 -1.83 0.16
159.04 -3.18 1.72 0.33 -3.73
159.71 -3.18 1.11 -0.47 -1.48
160.38 -3.18 2.00 0.13 -2.42
161.06 -3.18 6.33 2.94 -8.33
161.73 -3.18 15.46 4.76 -14.88
162.40 -3.18 30.45 6.69 -23.34
163.08 -3.18 38.11 11.59 -28.00
163.75 -3.18 35.30 16.20 -27.86
164.42 -3.18 29.20 14.59 -22.87
165.10 -3.18 17.38 8.97 -14.35
165.77 -3.18 6.17 3.17 -5.77
166.44 -3.18 1.65 -0.43 -0.17
167.12 -3.18 6.45 3.74 -4.18
167.79 -3.18 18.74 11.92 -14.27
168.46 -3.18 31.24 15.98 -19.41
169.14 -3.18 33.99 15.65 -18.70
169.81 -3.18 21.66 13.94 -15.73
170.48 -3.18 9.14 10.66 -10.62
171.16 -3.18 4.64 8.68 -6.05
171.83 -3.18 6.92 11.19 -5.70
172.50 -3.18 13.96 13.55 -5.75
173.18 -3.18 19.65 12.97 -2.91
173.85 -3.18 18.57 16.07 -1.85
174.52 -3.18 12.77 20.27 -2.90
175.20 -3.18 7.54 18.23 -2.12
175.87 -3.18 3.73 9.46 -0.01
176.54 -3.18 0.88 -0.37 0.77
177.22 -3.18 0.52 -3.64 1.05
177.89 -3.18 2.31 0.27 1.68
178.56 -3.18 3.52 4.08 2.56
179.24 -3.18 2.90 2.79 2.92
179.91 -3.18 1.37 -0.39 2.25
180.58 -3.18 0.57 -1.72 2.76
181.26 -3.18 1.62 0.24 6.45
181.93 -3.18 3.54 3.66 10.80
