Coefficients order= 30 center=CT2077:180
Observation time
          B0 angle & Nmax:        0           30





Max Harmonic Order: 30              Units: Gauss
 
  l   m      g(uT)      h(uT)
 
    0    0        0.0000000000        0.0000000000
    1    0       -1.4163869786        0.0000000000
    1    1       -0.1831840780       -0.0004941872
    2    0        0.2609557597        0.0000000000
    2    1        0.0721045244       -0.0874603711
    2    2        0.0933146582        0.3021077983
    3    0       -1.8867477743        0.0000000000
    3    1        0.1536486927        0.0980016082
    3    2       -0.0664441605        0.1468175235
    3    3        0.0486245882        0.0048003494
    4    0       -0.1533748874        0.0000000000
    4    1       -0.0642181283        0.0313187968
    4    2        0.1566740491       -0.2010689324
    4    3       -0.0107501448       -0.2400744485
    4    4        0.0904599097       -0.1091659721
    5    0       -0.7880342562        0.0000000000
    5    1        0.0480818942        0.0685796424
    5    2       -0.0438792866        0.2098422378
    5    3       -0.0412362384       -0.2259142146
    5    4       -0.1530984887       -0.1220176173
    5    5        0.4699849450        0.0735951397
    6    0       -0.4811903672        0.0000000000
    6    1        0.1167667576       -0.0676297091
    6    2       -0.1590939596       -0.1357396418
    6    3       -0.2088444685       -0.0096492967
    6    4        0.1315382294       -0.0766325156
    6    5        0.5099225516        0.1134552832
    6    6       -0.0935877744       -0.1305805752
    7    0        0.2838742524        0.0000000000
    7    1       -0.1866899090        0.2315190243
    7    2       -0.0395284801       -0.0864192571
    7    3        0.0646033407        0.1561652043
    7    4        0.0413758706       -0.0239731074
    7    5        0.5142115099        0.0317457743
    7    6       -0.2059596414        0.3094239850
    7    7        0.0926451383        0.0148939341
    8    0       -0.0012293417        0.0000000000
    8    1       -0.0587801503       -0.2633217412
    8    2       -0.0141093506        0.0411238617
    8    3        0.1643272115       -0.0866259721
    8    4        0.0824741468        0.1877473183
    8    5        0.4021821536       -0.0173242577
    8    6       -0.2110469405        0.0467414891
    8    7        0.0018937808        0.2034442867
    8    8        0.1505137119        0.0244871074
    9    0        0.6809394901        0.0000000000
    9    1        0.1032621563        0.1803348521
    9    2       -0.1748878239        0.1514216193
    9    3        0.1514857071        0.0399877192
    9    4       -0.1286617416       -0.1557675874
    9    5        0.1537240556       -0.0775408674
    9    6       -0.2095133479       -0.1263212282
    9    7        0.0223539570       -0.1835903470
    9    8        0.3619625355       -0.1824120695
    9    9       -0.0645221225       -0.2106576457
   10    0        0.2462580041        0.0000000000
   10    1       -0.1995076688        0.2456661479
   10    2        0.0772131781        0.0126045220
   10    3        0.0718421294       -0.1699803968
   10    4        0.0370874967       -0.1490182790
   10    5       -0.3152184905        0.0225067342
   10    6       -0.2006884122       -0.0191695442
   10    7       -0.0311313229        0.1322634132
   10    8        0.3278890450        0.0540025066
   10    9        0.0202236216        0.1424079412
   10   10       -0.0673592822        0.1849840115
   11    0        0.2866517424        0.0000000000
   11    1       -0.1036050943       -0.0878961763
   11    2       -0.0304288970       -0.1212083557
   11    3       -0.1081922205       -0.1368736013
   11    4        0.0511683060        0.0492897028
   11    5       -0.3836550690       -0.3979903675
   11    6       -0.0505000921       -0.0681848098
   11    7       -0.0605181368        0.2120991494
   11    8        0.6112424357       -0.1810807181
   11    9       -0.1390035091       -0.2206735161
   11   10       -0.1407319623       -0.1241880362
   11   11        0.1174506349        0.1454928950
   12    0        0.0813992884        0.0000000000
   12    1        0.2648225133       -0.0400589670
   12    2       -0.2502918039       -0.0389292774
   12    3       -0.2908366874       -0.2290984154
   12    4       -0.1349420487       -0.1634578639
   12    5       -0.0429372906        0.0881328633
   12    6        0.1473138364       -0.0489284268
   12    7       -0.0464407860        0.1933059144
   12    8        0.3559915702       -0.1500944180
   12    9       -0.3085621934       -0.0553609288
   12   10       -0.0736667484        0.1756795018
   12   11        0.1063974600       -0.2251363947
   12   12        0.1830374489        0.0030682714
   13    0       -0.0770278721        0.0000000000
   13    1       -0.2038356214       -0.1046521798
   13    2       -0.0155649965        0.0804615345
   13    3       -0.3503840136        0.1319907685
   13    4        0.0604569161       -0.1796611801
   13    5        0.0652598557        0.1082130320
   13    6        0.1631971065        0.1457880193
   13    7        0.1305231504        0.1286896405
   13    8       -0.1737092012       -0.1294801480
   13    9       -0.4456125146       -0.0167271006
   13   10       -0.4496394552        0.1915918016
   13   11        0.2024603003        0.0035333892
   13   12        0.0428761170        0.3308810565
   13   13       -0.0369866979        0.2754870923
   14    0       -0.0168385406        0.0000000000
   14    1        0.0363541106       -0.0019996059
   14    2        0.0581308974        0.2492648946
   14    3        0.0075626163        0.1388467913
   14    4        0.2227708063        0.2736564748
   14    5       -0.1080445503       -0.0401268253
   14    6        0.1114065329        0.0931728459
   14    7        0.2150277130       -0.2150351138
   14    8       -0.2392799873       -0.2188004848
   14    9       -0.1306104231        0.1307161204
   14   10       -0.2025676906        0.2697330688
   14   11        0.4069384126       -0.2827942518
   14   12        0.1152630598        0.1063338757
   14   13       -0.1194857088       -0.0118907927
   14   14        0.0613114355       -0.1497779962
   15    0       -0.4903105566        0.0000000000
   15    1       -0.1210211584       -0.1010469965
   15    2        0.0443197727        0.0856648646
   15    3       -0.1511130716        0.0216281867
   15    4        0.0074174897       -0.0563382724
   15    5        0.2930368511        0.4330794379
   15    6       -0.0036802764        0.0602856189
   15    7        0.1042019431       -0.1369954599
   15    8       -0.4727473542        0.1044063945
   15    9       -0.0896235954       -0.0629270901
   15   10       -0.2077060775        0.4378061194
   15   11        0.5706590669       -0.0142876791
   15   12        0.1777834597        0.1283912539
   15   13       -0.2942372219        0.1140848628
   15   14       -0.1030651281        0.2077347314
   15   15       -0.0859616585       -0.0857449410
   16    0       -0.0364991004        0.0000000000
   16    1       -0.2624317914        0.1564790231
   16    2        0.1773891538       -0.0214380517
   16    3        0.3462886684        0.2304780526
   16    4       -0.0946890762        0.1050981619
   16    5        0.3045203973       -0.1783346491
   16    6       -0.1601326026        0.0034983749
   16    7       -0.0061826949       -0.3496829158
   16    8       -0.2187695592        0.2082765351
   16    9        0.1368486286        0.0569213886
   16   10        0.1808110269        0.1674972573
   16   11        0.1829395418       -0.4344515801
   16   12        0.1872709857       -0.0183484216
   16   13        0.0679079168        0.3464026699
   16   14       -0.1329261739        0.0230125416
   16   15        0.0076480367       -0.0530897268
   16   16       -0.2013017659        0.4745795669
   17    0       -0.0006075126        0.0000000000
   17    1        0.1049839851        0.1234519766
   17    2        0.1784319925       -0.1083980787
   17    3        0.3341693062       -0.0227049866
   17    4       -0.0482820245       -0.0393312323
   17    5       -0.0522703291       -0.0026126707
   17    6       -0.5211124679       -0.0193933369
   17    7       -0.0958710598        0.1657517676
   17    8       -0.0268941625        0.1935235705
   17    9        0.2073305630        0.2990881598
   17   10        0.5077597546        0.0202815982
   17   11        0.0766364527       -0.2075719201
   17   12        0.1320958758       -0.0786158515
   17   13       -0.2798641255        0.4692411963
   17   14        0.0634036931       -0.1069800580
   17   15        0.0719367666       -0.2401482270
   17   16       -0.1052075530        0.0450824419
   17   17        0.1852125100       -0.0104726356
   18    0       -0.0542627487        0.0000000000
   18    1        0.1900282200       -0.0051818016
   18    2        0.1412233861       -0.0210021097
   18    3        0.1016666292       -0.1899536590
   18    4        0.1291605669       -0.0297595262
   18    5       -0.0432800595       -0.2608138731
   18    6       -0.1417583806       -0.3108557652
   18    7       -0.2735814564       -0.0461104800
   18    8        0.2890200937        0.1825287139
   18    9       -0.0689362810       -0.1333140618
   18   10        0.2937618702       -0.0992797268
   18   11       -0.4250548285        0.0565190982
   18   12       -0.1772785287        0.0831759532
   18   13       -0.0445382814        0.4007201109
   18   14        0.2156124491       -0.0262868499
   18   15       -0.0357607820       -0.1951740126
   18   16       -0.0297698367       -0.0835215716
   18   17        0.0468924501        0.0476488330
   18   18        0.0556153736       -0.0249059648
   19    0        0.0486150726        0.0000000000
   19    1        0.1217061140       -0.1065642737
   19    2        0.2262794515       -0.2818859456
   19    3       -0.0360234906       -0.0433365274
   19    4        0.1368199632       -0.0049728490
   19    5       -0.3233559114       -0.0325646696
   19    6        0.0411010485        0.1671235620
   19    7       -0.1337539411        0.2828366687
   19    8        0.0714322222       -0.1000542990
   19    9        0.0999224862        0.0795431653
   19   10        0.3206371212       -0.5332418552
   19   11       -0.4119405614       -0.0308549259
   19   12       -0.1620779727        0.0711143939
   19   13        0.2691883767        0.3071256744
   19   14        0.0461612107       -0.2272552401
   19   15        0.1076177107       -0.2854675613
   19   16       -0.0691158720        0.2537037928
   19   17        0.1377781763        0.0657813059
   19   18       -0.0253882717        0.0122258079
   19   19        0.1720606047        0.1411297533
   20    0        0.0245376123        0.0000000000
   20    1        0.1164850743       -0.0079385855
   20    2       -0.0388295643        0.0409901510
   20    3       -0.3237301244       -0.0726043295
   20    4        0.1592726618       -0.0002024302
   20    5       -0.3679412376        0.2293002390
   20    6        0.0406846055        0.2762318681
   20    7       -0.0469306235        0.0214799317
   20    8        0.1235009426        0.0598151712
   20    9        0.1269582557        0.0391968992
   20   10       -0.1950369966       -0.2610814294
   20   11       -0.1824295105        0.0279125868
   20   12       -0.1479458855       -0.0705596300
   20   13        0.3760390953        0.0464158346
   20   14        0.1721917821        0.0017089222
   20   15        0.2100226702       -0.1644307840
   20   16       -0.3105996794        0.3898274618
   20   17       -0.3093081849       -0.0452435303
   20   18       -0.1665764750       -0.0587260041
   20   19       -0.3788351222        0.1124512248
   20   20        0.0353379336       -0.0693126153
   21    0        0.1898502318        0.0000000000
   21    1       -0.0360443754       -0.0971301500
   21    2       -0.2089889535        0.0478017055
   21    3        0.0229756303       -0.1422585202
   21    4        0.0745220564        0.0284321652
   21    5        0.0198454671        0.0999507276
   21    6        0.3111735362        0.1265055710
   21    7        0.2891003418       -0.3168281587
   21    8        0.1147307097       -0.3554179613
   21    9       -0.1088412373        0.0253996043
   21   10       -0.6593854680        0.1310082004
   21   11        0.0083531231        0.1653517929
   21   12       -0.2064993296        0.0817526140
   21   13        0.2075217684       -0.0959103547
   21   14       -0.0443928109       -0.2358783689
   21   15       -0.0872887770       -0.5544210486
   21   16        0.2340664131        0.6590341640
   21   17       -0.2868228062       -0.3201043274
   21   18        0.0419209092       -0.3282130838
   21   19       -0.1726432862        0.0863277739
   21   20       -0.0223020458        0.0703833096
   21   21        0.1640963526        0.0343636146
   22    0       -0.0542940893        0.0000000000
   22    1       -0.1271381499       -0.1478883470
   22    2       -0.2188263533        0.1258768900
   22    3        0.0803541787        0.2837466565
   22    4       -0.0869671821        0.3062632248
   22    5        0.0411746438       -0.0293998799
   22    6        0.0782034275        0.0641266831
   22    7        0.1031787879       -0.1439244186
   22    8       -0.3012740065       -0.1646797231
   22    9       -0.0941218823       -0.0873174793
   22   10       -0.3653006260        0.1796032035
   22   11        0.1492207961        0.2172482514
   22   12        0.3710028266        0.0697436379
   22   13        0.0767650621       -0.5001169798
   22   14        0.0502911032        0.0377342862
   22   15        0.1092664101       -0.1271423841
   22   16        0.2900572603        0.5112392409
   22   17       -0.0236829286        0.1874862229
   22   18        0.0305870349       -0.1613349264
   22   19        0.0026408141        0.0680550924
   22   20        0.0502595380        0.2107246575
   22   21       -0.0534413947        0.1284254949
   22   22       -0.0352247130       -0.3896168336
   23    0       -0.0283445402        0.0000000000
   23    1        0.1493814684        0.1062437117
   23    2       -0.1885755173        0.0321912633
   23    3        0.3018023524        0.0360822654
   23    4        0.0989520901        0.0715261411
   23    5        0.4433133347       -0.2560711134
   23    6       -0.0086773854       -0.2287965242
   23    7        0.1119728551       -0.0813485469
   23    8        0.0583900059       -0.1157311152
   23    9       -0.1388376661       -0.0968455626
   23   10        0.2209067817        0.1069095126
   23   11        0.3087984611        0.1893843324
   23   12        0.0007343746       -0.0068810069
   23   13        0.1207584641       -0.3217687432
   23   14       -0.2391952571       -0.0537607278
   23   15       -0.2044886233        0.0409516003
   23   16        0.2210909121       -0.0436953628
   23   17       -0.2093811339        0.2581800170
   23   18       -0.0590970058       -0.1241870328
   23   19       -0.1367445268       -0.0499934603
   23   20       -0.3373982346        0.0572772568
   23   21        0.0342387574        0.1397289657
   23   22       -0.2626975195       -0.1519124295
   23   23       -0.1567866612       -0.2573314595
   24    0        0.1147647857        0.0000000000
   24    1       -0.0718626756        0.1191421190
   24    2        0.0812742487       -0.0202318698
   24    3       -0.0244860533       -0.0831494920
   24    4       -0.0858589692        0.0905049105
   24    5        0.3227632447       -0.0757096667
   24    6       -0.2024657188       -0.2225847032
   24    7       -0.0480145588       -0.2242779864
   24    8       -0.0594766417        0.2664997004
   24    9        0.2072166668       -0.0773806075
   24   10        0.3190663804        0.2688091515
   24   11        0.2012641099        0.0706039356
   24   12       -0.0617826185       -0.2193184028
   24   13       -0.1059392138       -0.1961095139
   24   14       -0.0532308058       -0.0749763769
   24   15       -0.2553952950        0.2649994697
   24   16        0.0457139650       -0.0425533771
   24   17       -0.1198690109        0.0247223303
   24   18       -0.0627046544       -0.4424453343
   24   19       -0.0107358359        0.3835061397
   24   20        0.0597811155        0.5105369904
   24   21        0.0921117965       -0.0899667930
   24   22       -0.1028788733        0.0637904523
   24   23        0.0273305610        0.1709020466
   24   24       -0.1664007624        0.1325999397
   25    0        0.0407525192        0.0000000000
   25    1        0.1560566239        0.1286646173
   25    2        0.1140019877        0.1100350470
   25    3       -0.2982688780        0.1615179890
   25    4       -0.2297429093        0.1133905687
   25    5       -0.1407976841        0.0046476248
   25    6        0.1138842619        0.0655492522
   25    7       -0.1926932750        0.0572867658
   25    8       -0.0856395057        0.3303028125
   25    9       -0.0274159047        0.1075363681
   25   10        0.0712804058       -0.1015499881
   25   11        0.0801694949       -0.1449078187
   25   12       -0.1021474408        0.1319265496
   25   13       -0.0621665778       -0.0343126195
   25   14        0.2667769725        0.1191121895
   25   15       -0.1188502141        0.1635903500
   25   16        0.0642451479       -0.2474630947
   25   17        0.1445619962       -0.0140873118
   25   18       -0.2039596908       -0.1815062647
   25   19        0.0847082006        0.2803106032
   25   20       -0.1162082115        0.2863309018
   25   21        0.4009653262       -0.0316535833
   25   22        0.1899026578       -0.0313309718
   25   23       -0.1789938825        0.1531539636
   25   24        0.1016903855        0.1188427453
   25   25        0.0237596349       -0.0332797096
   26    0       -0.1184875486        0.0000000000
   26    1       -0.0552019134       -0.2032765315
   26    2        0.0815353086       -0.0182589040
   26    3       -0.0310046193        0.0583930259
   26    4        0.0288662915       -0.0420504275
   26    5        0.1098500287        0.2016193716
   26    6        0.0076653130       -0.0647179918
   26    7        0.0669411536       -0.0485581570
   26    8        0.1049278951       -0.2245680810
   26    9        0.0782049849       -0.0820974481
   26   10       -0.0227205633       -0.2338039470
   26   11       -0.2560774189       -0.1545357047
   26   12       -0.0211520496        0.2061603173
   26   13       -0.3085742596        0.4151455690
   26   14       -0.0499212800        0.1193071108
   26   15        0.1455302160        0.1417165832
   26   16        0.2526191244       -0.3279228688
   26   17        0.1134652837       -0.0889941873
   26   18       -0.1586477557       -0.1605696012
   26   19        0.1280419595        0.2372097320
   26   20        0.2202806393       -0.0154062953
   26   21       -0.3237529522       -0.1264539175
   26   22       -0.0378959464       -0.1672272389
   26   23       -0.1045444337        0.0099248909
   26   24       -0.1963327826        0.0299617889
   26   25       -0.0893750412       -0.1548662673
   26   26       -0.0523139649        0.1400864078
   27    0        0.1423622284        0.0000000000
   27    1       -0.0155091267       -0.0355709184
   27    2       -0.3658942456       -0.1271335085
   27    3       -0.1229494276       -0.0091479370
   27    4       -0.0144701435       -0.0933776163
   27    5       -0.1032029412        0.1109773171
   27    6       -0.2801889279       -0.0783430983
   27    7       -0.0078995626        0.2037387011
   27    8        0.3020679175       -0.2153286560
   27    9        0.0731900270        0.1572062802
   27   10       -0.1865884568       -0.5083115050
   27   11       -0.0862491019        0.1169419692
   27   12       -0.0749615412       -0.1891567914
   27   13       -0.1565537879        0.2396558169
   27   14        0.0247665765       -0.0699098009
   27   15        0.2789331782       -0.0883356626
   27   16       -0.0170686428       -0.1668963508
   27   17       -0.1136619963       -0.1713393424
   27   18       -0.0229705809        0.1037059950
   27   19        0.4106121413        0.0087804403
   27   20       -0.1458826988        0.0170493732
   27   21       -0.2630549334       -0.1445394579
   27   22        0.1235197177       -0.1809707621
   27   23        0.2357970205        0.2957145255
   27   24       -0.1185714933       -0.1225283709
   27   25        0.0323320301       -0.1097578714
   27   26        0.2633993101       -0.0537832093
   27   27        0.0310723519        0.1951604491
   28    0        0.1062778980        0.0000000000
   28    1        0.0830160415        0.0760800262
   28    2       -0.3008384915       -0.2342723001
   28    3        0.1604121737        0.1314857865
   28    4       -0.1413043261       -0.0722553441
   28    5       -0.1502035662        0.1857043096
   28    6        0.3364836816        0.3956179591
   28    7        0.3129097119        0.1818919210
   28    8        0.1850559280       -0.1116939994
   28    9       -0.1367279150        0.0307668702
   28   10       -0.0897634357       -0.0996795349
   28   11       -0.2786625864        0.0647622999
   28   12       -0.1599784562        0.2309831528
   28   13        0.2520889811       -0.0995191294
   28   14        0.1961861200        0.0236687858
   28   15        0.2606427708        0.0923782032
   28   16       -0.2356595908        0.0291000597
   28   17       -0.0588677216        0.0408544249
   28   18       -0.0425790774        0.1196268357
   28   19        0.0565513114       -0.0646697114
   28   20       -0.1357913506        0.1035285203
   28   21       -0.2006472230       -0.2405032499
   28   22       -0.0107937599        0.0203070196
   28   23        0.2336051608        0.0830841341
   28   24       -0.0598669341       -0.1219837972
   28   25       -0.0466034459       -0.2625716099
   28   26        0.0926751419        0.1811300839
   28   27        0.0642873063        0.1659628742
   28   28        0.0205143387        0.0522032870
   29    0       -0.1879411224        0.0000000000
   29    1       -0.1487694566        0.1667620695
   29    2       -0.2015373879        0.2513795160
   29    3        0.0747519912       -0.0583159930
   29    4        0.2504885631       -0.1093304057
   29    5       -0.0427192511        0.0448416996
   29    6        0.0762230948       -0.1004128774
   29    7        0.0742792144       -0.1117998195
   29    8       -0.2181093509       -0.4723591851
   29    9       -0.2875216019       -0.1919391562
   29   10       -0.1457787745       -0.0342947527
   29   11        0.4003064284        0.3458652284
   29   12       -0.0111119682        0.1968404649
   29   13        0.0360097161       -0.0816686757
   29   14       -0.0076734420       -0.0385216502
   29   15        0.0637300561       -0.0890346678
   29   16       -0.2521963442        0.0375915192
   29   17        0.0846263510        0.1224612768
   29   18        0.1884125517        0.3695395830
   29   19        0.0251563486        0.0086430836
   29   20        0.0042686041       -0.0880651908
   29   21       -0.2868565530       -0.2066610850
   29   22        0.2192292351       -0.1879496219
   29   23        0.0720141288        0.1124161484
   29   24       -0.0636024078       -0.0586414250
   29   25        0.0901158795        0.1325754455
   29   26       -0.2922263101        0.2391498782
   29   27       -0.0058802748       -0.0658556494
   29   28       -0.1925522927       -0.1182248092
   29   29        0.0213203037       -0.0361881592
   30    0       -0.0928608346        0.0000000000
   30    1        0.1317164114        0.3548113201
   30    2        0.1679812403        0.1476621392
   30    3        0.1716228193       -0.1383342110
   30    4       -0.0806021720       -0.0596681224
   30    5        0.1073567176       -0.0756905341
   30    6        0.2301646204        0.0445311297
   30    7       -0.1550782192       -0.0910128747
   30    8       -0.2789243059       -0.0482529702
   30    9       -0.1690917498        0.0631504558
   30   10       -0.0196482277        0.1583742097
   30   11        0.2331924671        0.0635124211
   30   12        0.2659965422        0.0911868789
   30   13        0.0779704798       -0.2910703795
   30   14       -0.1234151382        0.0145347710
   30   15       -0.1865066731       -0.0431856959
   30   16       -0.2030578474       -0.2383127149
   30   17       -0.0159538688        0.0054682514
   30   18        0.2864489771        0.2713359984
   30   19       -0.1954589364       -0.0051158696
   30   20        0.0716132410       -0.0009576740
   30   21       -0.2016868095       -0.2189620497
   30   22       -0.0088348813        0.0343886789
   30   23        0.0218453664        0.4118891247
   30   24       -0.1533103554       -0.2967554842
   30   25       -0.1570774827       -0.2459709933
   30   26        0.3238642318       -0.0980773172
   30   27        0.1428940327       -0.2899351875
   30   28       -0.2444874280        0.3255181312
   30   29        0.0610671603       -0.1579133697
   30   30        0.0079778371       -0.0487087724
