193
0.00000
0.000430942
0.000861790
0.00129245
0.00172293
0.00215322
0.00258333
0.00301325
0.00344299
0.00387254
0.00430191
0.00473110
0.00516010
0.00558891
0.00601755
0.00644599
0.00687426
0.00730234
0.00773024
0.00815795
0.00858549
0.00901284
0.00944000
0.00986699
0.0102938
0.0107204
0.0111468
0.0115731
0.0119992
0.0124251
0.0128508
0.0132763
0.0137017
0.0141268
0.0145518
0.0149766
0.0154013
0.0158257
0.0162500
0.0166741
0.0170980
0.0175217
0.0179452
0.0183686
0.0187918
0.0192148
0.0196376
0.0200603
0.0205377
0.0210769
0.0216859
0.0223736
0.0231501
0.0240270
0.0250170
0.0261346
0.0273960
0.0288196
0.0304261
0.0322384
0.0342826
0.0365879
0.0391869
0.0421160
0.0454164
0.0491334
0.0533181
0.0580271
0.0633232
0.0692762
0.0759632
0.0834691
0.0918874
0.101320
0.111879
0.123686
0.136871
0.151574
0.167947
0.186147
0.206343
0.228708
0.253421
0.280665
0.310624
0.337174
0.363725
0.390275
0.416825
0.443375
0.469926
0.496476
0.523026
0.549577
0.576127
0.602677
0.629227
0.655778
0.682328
0.708878
0.735428
0.761979
0.788529
0.815079
0.841630
0.868180
0.894730
0.921280
0.947831
0.974381
1.00093
1.02748
1.05403
1.08058
1.10713
1.13368
1.16023
1.18678
1.21333
1.23988
1.26643
1.29298
1.31953
1.34608
1.37264
1.39919
1.42574
1.45229
1.47884
1.50539
1.53194
1.55849
1.58504
1.61159
1.63814
1.66469
1.69124
1.71779
1.74434
1.77089
1.79744
1.82399
1.85054
1.87709
1.90364
1.93019
1.95674
1.98329
2.00984
2.03639
2.06294
2.08949
2.11604
2.14259
2.16914
2.19569
2.22224
2.24879
2.27534
2.30189
2.32844
2.35500
2.38155
2.40810
2.43465
2.46120
2.48775
2.51430
2.54085
2.56740
2.59395
2.62050
2.64705
2.67360
2.70015
2.72670
2.75325
2.77980
2.80635
2.83290
2.85945
2.88600
2.91255
2.93910
2.96565
2.99220
3.01875
3.04530
3.07185
3.09840
3.12495
3.15150
3.17805
