400
0.00000
0.000138277
0.000276553
0.000414830
0.000565256
0.000717295
0.000869334
0.00103189
0.00119768
0.00136346
0.00153814
0.00171764
0.00189715
0.00208393
0.00227713
0.00247034
0.00266921
0.00287609
0.00308297
0.00329390
0.00351443
0.00373496
0.00395793
0.00419209
0.00442624
0.00466124
0.00490898
0.00515673
0.00540447
0.00566504
0.00592634
0.00618765
0.00646016
0.00673499
0.00700983
0.00729426
0.00758259
0.00787092
0.00816724
0.00846903
0.00877082
0.00907900
0.00939421
0.00970942
0.0100294
0.0103580
0.0106866
0.0110310
0.0114249
0.0118188
0.0122225
0.0126946
0.0131667
0.0136396
0.0142053
0.0147710
0.0153367
0.0160021
0.0166797
0.0173573
0.0181385
0.0189499
0.0197614
0.0206777
0.0216490
0.0226203
0.0236944
0.0248564
0.0260184
0.0272763
0.0286657
0.0300551
0.0315269
0.0331869
0.0348470
0.0365674
0.0385491
0.0405309
0.0425395
0.0449030
0.0472665
0.0496299
0.0524241
0.0552395
0.0580548
0.0613162
0.0646651
0.0680140
0.0718143
0.0757913
0.0797683
0.0841883
0.0889019
0.0936154
0.0987456
0.104319
0.109893
0.115834
0.122407
0.128981
0.135843
0.143570
0.151299
0.159180
0.168065
0.176950
0.185835
0.194720
0.203606
0.212492
0.221377
0.230263
0.239149
0.248034
0.256920
0.265806
0.274692
0.283577
0.292463
0.301349
0.310234
0.319120
0.328006
0.336891
0.345777
0.354663
0.363548
0.372434
0.381320
0.390206
0.399091
0.407977
0.416863
0.425748
0.434634
0.443520
0.452406
0.461291
0.470177
0.479063
0.487948
0.496834
0.505720
0.514605
0.523491
0.532377
0.541262
0.550148
0.559034
0.567920
0.576805
0.585691
0.594577
0.603462
0.612348
0.621234
0.630119
0.639005
0.647891
0.656777
0.665662
0.674548
0.683434
0.692319
0.701205
0.710091
0.718976
0.727862
0.736748
0.745634
0.754519
0.763405
0.772291
0.781176
0.790062
0.798948
0.807833
0.816719
0.825605
0.834491
0.843376
0.852262
0.861148
0.870033
0.878919
0.887805
0.896691
0.905576
0.914462
0.923348
0.932233
0.941119
0.950005
0.958890
0.967776
0.976662
0.985548
0.994433
1.00332
1.01220
1.02109
1.02998
1.03886
1.04775
1.05663
1.06552
1.07440
1.08329
1.09218
1.10106
1.10995
1.11883
1.12772
1.13660
1.14549
1.15438
1.16326
1.17215
1.18103
1.18992
1.19880
1.20769
1.21658
1.22546
1.23435
1.24323
1.25212
1.26100
1.26989
1.27878
1.28766
1.29655
1.30543
1.31432
1.32320
1.33209
1.34098
1.34986
1.35875
1.36763
1.37652
1.38540
1.39429
1.40318
1.41206
1.42095
1.42983
1.43872
1.44760
1.45649
1.46538
1.47426
1.48315
1.49203
1.50092
1.50980
1.51869
1.52758
1.53646
1.54535
1.55423
1.56312
1.57200
1.58089
1.58978
1.59866
1.60755
1.61643
1.62532
1.63420
1.64309
1.65198
1.66086
1.66975
1.67863
1.68752
1.69640
1.70529
1.71418
1.72306
1.73195
1.74083
1.74972
1.75860
1.76749
1.77638
1.78526
1.79415
1.80303
1.81192
1.82080
1.82969
1.83857
1.84746
1.85635
1.86523
1.87412
1.88300
1.89189
1.90077
1.90966
1.91855
1.92743
1.93632
1.94520
1.95409
1.96297
1.97186
1.98075
1.98963
1.99852
2.00740
2.01629
2.02517
2.03406
2.04295
2.05183
2.06072
2.06960
2.07849
2.08737
2.09626
2.10515
2.11403
2.12292
2.13180
2.14069
2.14957
2.15846
2.16735
2.17623
2.18512
2.19400
2.20289
2.21177
2.22066
2.22954
2.23843
2.24732
2.25620
2.26509
2.27397
2.28286
2.29174
2.30063
2.30952
2.31840
2.32729
2.33617
2.34506
2.35394
2.36283
2.37172
2.38060
2.38949
2.39837
2.40726
2.41614
2.42503
2.43391
2.44280
2.45169
2.46057
2.46946
2.47834
2.48723
2.49611
2.50500
2.51389
2.52277
2.53166
2.54054
2.54943
2.55831
2.56720
2.57609
2.58497
2.59386
2.60274
2.61163
2.62051
2.62940
2.63829
2.64717
2.65606
2.66494
2.67383
2.68271
2.69160
2.70048
2.70937
2.71826
2.72714
2.73603
2.74491
2.75380
2.76268
2.77157
2.78046
2.78934
