Model for transition region: [K] [1/m3] [N/m] [m/s] [W/m]
      0  0.0000000000E+00  2  0  3
     500       2
logTe logNe LPe UHeat HeatFluxXLength
  4.0000000000E+00  8.0000000000E+00  0.0000000000E+00  0.0000000000E+00  0.0000000000E+00
  4.0080160321E+00  8.0000000000E+00  3.8260704068E-01  4.5944691166E+01  1.7578762322E+01
  4.0160320641E+00  8.0000000000E+00  7.2601926272E-01  6.6323375297E+01  4.8152048034E+01
  4.0240480962E+00  8.0000000000E+00  9.9511036689E-01  8.3830896076E+01  8.3420993751E+01
  4.0320641283E+00  8.0000000000E+00  1.2272846167E+00  1.0102827745E+02  1.2399045077E+02
  4.0400801603E+00  8.0000000000E+00  1.4354368130E+00  1.1850768469E+02  1.7011029323E+02
  4.0480961924E+00  8.0000000000E+00  1.6263008063E+00  1.3662978932E+02  2.2220113653E+02
  4.0561122244E+00  8.0000000000E+00  1.8039149329E+00  1.5565608171E+02  2.8079033020E+02
  4.0641282565E+00  8.0000000000E+00  1.9709244113E+00  1.7579825793E+02  3.4648507802E+02
  4.0721442886E+00  8.0000000000E+00  2.1291749880E+00  1.9723899902E+02  4.1995634337E+02
  4.0801603206E+00  8.0000000000E+00  2.2800198557E+00  2.2014155235E+02  5.0192711042E+02
  4.0881763527E+00  8.0000000000E+00  2.4244929095E+00  2.4465399983E+02  5.9316188786E+02
  4.0961923848E+00  8.0000000000E+00  2.5634134076E+00  2.7090960052E+02  6.9445330224E+02
  4.1042084168E+00  8.0000000000E+00  2.6974529248E+00  2.9902442739E+02  8.0660431624E+02
  4.1122244489E+00  8.0000000000E+00  2.8271799605E+00  3.2909449624E+02  9.3040936488E+02
  4.1202404810E+00  8.0000000000E+00  2.9530904149E+00  3.6119227487E+02  1.0666334449E+03
  4.1282565130E+00  8.0000000000E+00  3.0756292661E+00  3.9536028617E+02  1.2159816668E+03
  4.1362725451E+00  8.0000000000E+00  3.1952069694E+00  4.3160219394E+02  1.3790583381E+03
  4.1442885772E+00  8.0000000000E+00  3.3122125828E+00  4.6987171786E+02  1.5563150162E+03
  4.1523046092E+00  8.0000000000E+00  3.4270248067E+00  5.1005986384E+02  1.7479878063E+03
  4.1603206413E+00  8.0000000000E+00  3.5400201587E+00  5.5199615761E+02  1.9540775254E+03
  4.1683366733E+00  8.0000000000E+00  3.6515755569E+00  5.9547628173E+02  2.1744266351E+03
  4.1763527054E+00  8.0000000000E+00  3.7620664392E+00  6.4027974098E+02  2.4087749252E+03
  4.1843687375E+00  8.0000000000E+00  3.8718654382E+00  6.8616454457E+02  2.6567367850E+03
  4.1923847695E+00  8.0000000000E+00  3.9813437452E+00  7.3285905561E+02  2.9177638171E+03
  4.2004008016E+00  8.0000000000E+00  4.0908745251E+00  7.8005394895E+02  3.1911028279E+03
  4.2084168337E+00  8.0000000000E+00  4.2008369410E+00  8.2740751793E+02  3.4758040666E+03
  4.2164328657E+00  8.0000000000E+00  4.3116172418E+00  8.7459283234E+02  3.7709095355E+03
  4.2244488978E+00  8.0000000000E+00  4.4236055971E+00  9.2133807204E+02  4.0756362523E+03
  4.2324649299E+00  8.0000000000E+00  4.5371925319E+00  9.6742460763E+02  4.3893917049E+03
  4.2404809619E+00  8.0000000000E+00  4.6527676703E+00  1.0126766900E+03  4.7117493635E+03
  4.2484969940E+00  8.0000000000E+00  4.7707203684E+00  1.0569522098E+03  5.0424234358E+03
  4.2565130261E+00  8.0000000000E+00  4.8914414630E+00  1.1001358146E+03  5.3812499384E+03
  4.2645290581E+00  8.0000000000E+00  5.0153252049E+00  1.1421409826E+03  5.7282084574E+03
  4.2725450902E+00  8.0000000000E+00  5.1427706606E+00  1.1829140129E+03  6.0834554794E+03
  4.2805611222E+00  8.0000000000E+00  5.2741828725E+00  1.2224298408E+03  6.4473185293E+03
  4.2885771543E+00  8.0000000000E+00  5.4099742812E+00  1.2606856472E+03  6.8202769278E+03
  4.2965931864E+00  8.0000000000E+00  5.5505664166E+00  1.2976957454E+03  7.2029464231E+03
  4.3046092184E+00  8.0000000000E+00  5.6963917294E+00  1.3334875092E+03  7.5960672188E+03
  4.3126252505E+00  8.0000000000E+00  5.8478954008E+00  1.3680996886E+03  8.0005038766E+03
  4.3206412826E+00  8.0000000000E+00  6.0055369416E+00  1.4015823224E+03  8.4172544139E+03
  4.3286573146E+00  8.0000000000E+00  6.1697915696E+00  1.4339956092E+03  8.8474540205E+03
  4.3366733467E+00  8.0000000000E+00  6.3411514790E+00  1.4654081088E+03  9.2923747964E+03
  4.3446893788E+00  8.0000000000E+00  6.5201270188E+00  1.4958956650E+03  9.7534297427E+03
  4.3527054108E+00  8.0000000000E+00  6.7072477190E+00  1.5255408976E+03  1.0232180705E+04
  4.3607214429E+00  8.0000000000E+00  6.9030632303E+00  1.5544312678E+03  1.0730337329E+04
  4.3687374749E+00  8.0000000000E+00  7.1081444233E+00  1.5826551089E+03  1.1249741086E+04
  4.3767535070E+00  8.0000000000E+00  7.3230846742E+00  1.6103001025E+03  1.1792364001E+04
  4.3847695391E+00  8.0000000000E+00  7.5485010200E+00  1.6374548678E+03  1.2360329739E+04
  4.3927855711E+00  8.0000000000E+00  7.7850349347E+00  1.6642110188E+03  1.2955940920E+04
  4.4008016032E+00  8.0000000000E+00  8.0333526280E+00  1.6906654731E+03  1.3581711922E+04
  4.4088176353E+00  8.0000000000E+00  8.2941449703E+00  1.7169202429E+03  1.4240385397E+04
  4.4168336673E+00  8.0000000000E+00  8.5681278157E+00  1.7430745304E+03  1.4934885369E+04
  4.4248496994E+00  8.0000000000E+00  8.8560433181E+00  1.7692185205E+03  1.5668275857E+04
  4.4328657315E+00  8.0000000000E+00  9.1586616493E+00  1.7954352191E+03  1.6443783685E+04
  4.4408817635E+00  8.0000000000E+00  9.4767824237E+00  1.8218034252E+03  1.7264834679E+04
  4.4488977956E+00  8.0000000000E+00  9.8112356974E+00  1.8484004077E+03  1.8135092063E+04
  4.4569138277E+00  8.0000000000E+00  1.0162882555E+01  1.8753038030E+03  1.9058492305E+04
  4.4649298597E+00  8.0000000000E+00  1.0532615704E+01  1.9025892463E+03  2.0039241374E+04
  4.4729458918E+00  8.0000000000E+00  1.0921360633E+01  1.9303268571E+03  2.1081795746E+04
  4.4809619238E+00  8.0000000000E+00  1.1330077189E+01  1.9585815117E+03  2.2190879708E+04
  4.4889779559E+00  8.0000000000E+00  1.1759761117E+01  1.9874143306E+03  2.3371517769E+04
  4.4969939880E+00  8.0000000000E+00  1.2211445433E+01  2.0168840573E+03  2.4629069610E+04
  4.5050100200E+00  8.0000000000E+00  1.2686201590E+01  2.0470482932E+03  2.5969267313E+04
  4.5130260521E+00  8.0000000000E+00  1.3185140505E+01  2.0779641661E+03  2.7398249495E+04
  4.5210420842E+00  8.0000000000E+00  1.3709413493E+01  2.1096886316E+03  2.8922593793E+04
  4.5290581162E+00  8.0000000000E+00  1.4260213107E+01  2.1422792397E+03  3.0549358493E+04
  4.5370741483E+00  8.0000000000E+00  1.4838773728E+01  2.1757952763E+03  3.2286133783E+04
  4.5450901804E+00  8.0000000000E+00  1.5446371818E+01  2.2102989426E+03  3.4141099296E+04
  4.5531062124E+00  8.0000000000E+00  1.6084325745E+01  2.2458566568E+03  3.6123090046E+04
  4.5611222445E+00  8.0000000000E+00  1.6753995321E+01  2.2825388784E+03  3.8241645690E+04
  4.5691382766E+00  8.0000000000E+00  1.7456781590E+01  2.3204176587E+03  4.0507024266E+04
  4.5771543086E+00  8.0000000000E+00  1.8194127121E+01  2.3595653509E+03  4.2930231944E+04
  4.5851703407E+00  8.0000000000E+00  1.8967516368E+01  2.4000555132E+03  4.5523092230E+04
  4.5931863727E+00  8.0000000000E+00  1.9778475741E+01  2.4419639372E+03  4.8298324492E+04
  4.6012024048E+00  8.0000000000E+00  2.0628573311E+01  2.4853697280E+03  5.1269631640E+04
  4.6092184369E+00  8.0000000000E+00  2.1519418143E+01  2.5303560747E+03  5.4451790423E+04
  4.6172344689E+00  8.0000000000E+00  2.2452659540E+01  2.5770095435E+03  5.7860717911E+04
  4.6252505010E+00  8.0000000000E+00  2.3429986416E+01  2.6254197476E+03  6.1513549023E+04
  4.6332665331E+00  8.0000000000E+00  2.4453126506E+01  2.6756803721E+03  6.5428750629E+04
  4.6412825651E+00  8.0000000000E+00  2.5523845088E+01  2.7278904388E+03  6.9626252977E+04
  4.6492985972E+00  8.0000000000E+00  2.6643943060E+01  2.7821559251E+03  7.4127604053E+04
  4.6573146293E+00  8.0000000000E+00  2.7815254312E+01  2.8385909331E+03  7.8956128693E+04
  4.6653306613E+00  8.0000000000E+00  2.9039643228E+01  2.8973151714E+03  8.4136998897E+04
  4.6733466934E+00  8.0000000000E+00  3.0319003399E+01  2.9584504943E+03  8.9697270592E+04
  4.6813627255E+00  8.0000000000E+00  3.1655257165E+01  3.0221209284E+03  9.5666015174E+04
  4.6893787575E+00  8.0000000000E+00  3.3050355114E+01  3.0884537372E+03  1.0207449277E+05
  4.6973947896E+00  8.0000000000E+00  3.4506275247E+01  3.1575805058E+03  1.0895634205E+05
  4.7054108216E+00  8.0000000000E+00  3.6025021796E+01  3.2296383096E+03  1.1634779050E+05
  4.7134268537E+00  8.0000000000E+00  3.7608624324E+01  3.3047679477E+03  1.2428777622E+05
  4.7214428858E+00  8.0000000000E+00  3.9259138378E+01  3.3831101664E+03  1.3281799017E+05
  4.7294589178E+00  8.0000000000E+00  4.0978647730E+01  3.4648044227E+03  1.4198299989E+05
  4.7374749499E+00  8.0000000000E+00  4.2769267358E+01  3.5499889893E+03  1.5183042820E+05
  4.7454909820E+00  8.0000000000E+00  4.4633146885E+01  3.6388008316E+03  1.6241113200E+05
  4.7535070140E+00  8.0000000000E+00  4.6572474538E+01  3.7313756032E+03  1.7377939527E+05
  4.7615230461E+00  8.0000000000E+00  4.8589482017E+01  3.8278458507E+03  1.8599304712E+05
  4.7695390782E+00  8.0000000000E+00  5.0686451482E+01  3.9283367951E+03  1.9911345237E+05
  4.7775551102E+00  8.0000000000E+00  5.2865725075E+01  4.0329632146E+03  2.1320552454E+05
  4.7855711423E+00  8.0000000000E+00  5.5129716539E+01  4.1418272458E+03  2.2833776201E+05
  4.7935871743E+00  8.0000000000E+00  5.7480924904E+01  4.2550154890E+03  2.4458222579E+05
  4.8016032064E+00  8.0000000000E+00  5.9921950538E+01  4.3725958943E+03  2.6201447490E+05
  4.8096192385E+00  8.0000000000E+00  6.2455513913E+01  4.4946136810E+03  2.8071340729E+05
  4.8176352705E+00  8.0000000000E+00  6.5084477788E+01  4.6210860097E+03  3.0076096975E+05
  4.8256513026E+00  8.0000000000E+00  6.7811873544E+01  4.7519956436E+03  3.2224172766E+05
  4.8336673347E+00  8.0000000000E+00  7.0640932226E+01  4.8872842108E+03  3.4524231270E+05
  4.8416833667E+00  8.0000000000E+00  7.3575121014E+01  5.0268439343E+03  3.6985065079E+05
  4.8496993988E+00  8.0000000000E+00  7.6618186315E+01  5.1705078374E+03  3.9615493283E+05
  4.8577154309E+00  8.0000000000E+00  7.9774202139E+01  5.3180469755E+03  4.2424295441E+05
  4.8657314629E+00  8.0000000000E+00  8.3047611128E+01  5.4692035509E+03  4.5420428967E+05
  4.8737474950E+00  8.0000000000E+00  8.6443245765E+01  5.6237284067E+03  4.8613333677E+05
  4.8817635271E+00  8.0000000000E+00  8.9966338119E+01  5.7813847626E+03  5.2013001635E+05
  4.8897795591E+00  8.0000000000E+00  9.3622531417E+01  5.9419416234E+03  5.5629961631E+05
  4.8977955912E+00  8.0000000000E+00  9.7417896967E+01  6.1051670257E+03  5.9475253228E+05
  4.9058116232E+00  8.0000000000E+00  1.0135895630E+02  6.2708232416E+03  6.3560409888E+05
  4.9138276553E+00  8.0000000000E+00  1.0545270067E+02  6.4386855027E+03  6.7897677500E+05
  4.9218436874E+00  8.0000000000E+00  1.0970659662E+02  6.6085717516E+03  7.2500391540E+05
  4.9298597194E+00  8.0000000000E+00  1.1412858012E+02  6.7803504671E+03  7.7383177151E+05
  4.9378757515E+00  8.0000000000E+00  1.1872704950E+02  6.9539364315E+03  8.2562035494E+05
  4.9458917836E+00  8.0000000000E+00  1.2351086079E+02  7.1292872070E+03  8.8054439975E+05
  4.9539078156E+00  8.0000000000E+00  1.2848932472E+02  7.3063999256E+03  9.3879439260E+05
  4.9619238477E+00  8.0000000000E+00  1.3367221201E+02  7.4852894465E+03  1.0005751978E+06
  4.9699398798E+00  8.0000000000E+00  1.3906978065E+02  7.6659475782E+03  1.0661016482E+06
  4.9779559118E+00  8.0000000000E+00  1.4469282801E+02  7.8483196708E+03  1.1355955683E+06
  4.9859719439E+00  8.0000000000E+00  1.5055275692E+02  8.0322996683E+03  1.2092848595E+06
  4.9939879760E+00  8.0000000000E+00  1.5666165076E+02  8.2177248955E+03  1.2874023477E+06
  5.0020040080E+00  8.0000000000E+00  1.6303235909E+02  8.4043698591E+03  1.3701842448E+06
  5.0100200401E+00  8.0000000000E+00  1.6967858702E+02  8.5919615948E+03  1.4578719031E+06
  5.0180360721E+00  8.0000000000E+00  1.7661496314E+02  8.7802376936E+03  1.5507213566E+06
  5.0260521042E+00  8.0000000000E+00  1.8385707342E+02  8.9689864160E+03  1.6490115940E+06
  5.0340681363E+00  8.0000000000E+00  1.9142148146E+02  9.1580442789E+03  1.7530464031E+06
  5.0420841683E+00  8.0000000000E+00  1.9932575261E+02  9.3472896507E+03  1.8631555445E+06
  5.0501002004E+00  8.0000000000E+00  2.0758848337E+02  9.5366372718E+03  1.9796960677E+06
  5.0581162325E+00  8.0000000000E+00  2.1622933338E+02  9.7260382253E+03  2.1030547619E+06
  5.0661322645E+00  8.0000000000E+00  2.2526904912E+02  9.9154979988E+03  2.2336548058E+06
  5.0741482966E+00  8.0000000000E+00  2.3472946869E+02  1.0105095480E+04  2.3719636929E+06
  5.0821643287E+00  8.0000000000E+00  2.4463351115E+02  1.0294986520E+04  2.5184986998E+06
  5.0901803607E+00  8.0000000000E+00  2.5500515623E+02  1.0485405812E+04  2.6738325471E+06
  5.0981963928E+00  8.0000000000E+00  2.6586941145E+02  1.0676672093E+04  2.8386005257E+06
  5.1062124248E+00  8.0000000000E+00  2.7725226472E+02  1.0869190374E+04  3.0135076470E+06
  5.1142284569E+00  8.0000000000E+00  2.8918064785E+02  1.1063406583E+04  3.1993230831E+06
  5.1222444890E+00  8.0000000000E+00  3.0168244958E+02  1.1259745780E+04  3.3968676886E+06
  5.1302605210E+00  8.0000000000E+00  3.1478656822E+02  1.1458599579E+04  3.6070132379E+06
  5.1382765531E+00  8.0000000000E+00  3.2852296918E+02  1.1660336294E+04  3.8306883009E+06
  5.1462925852E+00  8.0000000000E+00  3.4292273506E+02  1.1865310162E+04  4.0688846131E+06
  5.1543086172E+00  8.0000000000E+00  3.5801810825E+02  1.2073869274E+04  4.3226638367E+06
  5.1623246493E+00  8.0000000000E+00  3.7384253497E+02  1.2286348930E+04  4.5931598296E+06
  5.1703406814E+00  8.0000000000E+00  3.9043072980E+02  1.2503051326E+04  4.8815754539E+06
  5.1783567134E+00  8.0000000000E+00  4.0781876572E+02  1.2724236609E+04  5.1891824686E+06
  5.1863727455E+00  8.0000000000E+00  4.2604417799E+02  1.2950124711E+04  5.5173252375E+06
  5.1943887776E+00  8.0000000000E+00  4.4514607656E+02  1.3180896135E+04  5.8674242002E+06
  5.2024048096E+00  8.0000000000E+00  4.6516526912E+02  1.3416691648E+04  6.2409789812E+06
  5.2104208417E+00  8.0000000000E+00  4.8614439476E+02  1.3657613935E+04  6.6395724604E+06
  5.2184368737E+00  8.0000000000E+00  5.0812806345E+02  1.3903734093E+04  7.0648774794E+06
  5.2264529058E+00  8.0000000000E+00  5.3116299988E+02  1.4155094862E+04  7.5186626504E+06
  5.2344689379E+00  8.0000000000E+00  5.5529819897E+02  1.4411707702E+04  8.0027953309E+06
  5.2424849699E+00  8.0000000000E+00  5.8058510025E+02  1.4673548641E+04  8.5192437087E+06
  5.2505010020E+00  8.0000000000E+00  6.0707778514E+02  1.4940553036E+04  9.0700778455E+06
  5.2585170341E+00  8.0000000000E+00  6.3483319350E+02  1.5212617691E+04  9.6574746703E+06
  5.2665330661E+00  8.0000000000E+00  6.6391132773E+02  1.5489630949E+04  1.0283741449E+07
  5.2745490982E+00  8.0000000000E+00  6.9437541422E+02  1.5771501803E+04  1.0951343098E+07
  5.2825651303E+00  8.0000000000E+00  7.2629204128E+02  1.6058162556E+04  1.1662915662E+07
  5.2905811623E+00  8.0000000000E+00  7.5973130108E+02  1.6349566072E+04  1.2421277104E+07
  5.2985971944E+00  8.0000000000E+00  7.9476694063E+02  1.6645683607E+04  1.3229439035E+07
  5.3066132265E+00  8.0000000000E+00  8.3147652334E+02  1.6946501522E+04  1.4090618168E+07
  5.3146292585E+00  8.0000000000E+00  8.6994161222E+02  1.7252010470E+04  1.5008241802E+07
  5.3226452906E+00  8.0000000000E+00  9.1024798933E+02  1.7562191771E+04  1.5985949748E+07
  5.3306613226E+00  8.0000000000E+00  9.5248591147E+02  1.7877011038E+04  1.7027601153E+07
  5.3386773547E+00  8.0000000000E+00  9.9675039488E+02  1.8196414540E+04  1.8137283378E+07
  5.3466933868E+00  8.0000000000E+00  1.0431415299E+03  1.8520324712E+04  1.9319319855E+07
  5.3547094188E+00  8.0000000000E+00  1.0917648322E+03  1.8848633982E+04  2.0578275716E+07
  5.3627254509E+00  8.0000000000E+00  1.1427316658E+03  1.9181177397E+04  2.1918938798E+07
  5.3707414830E+00  8.0000000000E+00  1.1961598004E+03  1.9517688550E+04  2.3346274441E+07
  5.3787575150E+00  8.0000000000E+00  1.2521741246E+03  1.9857771786E+04  2.4865388001E+07
  5.3867735471E+00  8.0000000000E+00  1.3109074941E+03  2.0200887408E+04  2.6481494690E+07
  5.3947895792E+00  8.0000000000E+00  1.3725017205E+03  2.0546335252E+04  2.8199880483E+07
  5.4028056112E+00  8.0000000000E+00  1.4371087208E+03  2.0893237359E+04  3.0025853614E+07
  5.4108216433E+00  8.0000000000E+00  1.5048917828E+03  2.1240564056E+04  3.1964750310E+07
  5.4188376754E+00  8.0000000000E+00  1.5760267818E+03  2.1587223970E+04  3.4022043121E+07
  5.4268537074E+00  8.0000000000E+00  1.6507032911E+03  2.1932113351E+04  3.6203411689E+07
  5.4348697395E+00  8.0000000000E+00  1.7291257471E+03  2.2274100475E+04  3.8514720624E+07
  5.4428857715E+00  8.0000000000E+00  1.8115147933E+03  2.2612006018E+04  4.0961983407E+07
  5.4509018036E+00  8.0000000000E+00  1.8981088399E+03  2.2944584687E+04  4.3551319022E+07
  5.4589178357E+00  8.0000000000E+00  1.9891657332E+03  2.3270574726E+04  4.6289029837E+07
  5.4669338677E+00  8.0000000000E+00  2.0849640406E+03  2.3588924587E+04  4.9182059520E+07
  5.4749498998E+00  8.0000000000E+00  2.1858035935E+03  2.3898964329E+04  5.2238442113E+07
  5.4829659319E+00  8.0000000000E+00  2.2920056545E+03  2.4200380800E+04  5.5467409634E+07
  5.4909819639E+00  8.0000000000E+00  2.4039131129E+03  2.4493164312E+04  5.8879438866E+07
  5.4989979960E+00  8.0000000000E+00  2.5218907504E+03  2.4777564491E+04  6.2486310708E+07
  5.5070140281E+00  8.0000000000E+00  2.6463255565E+03  2.5054049894E+04  6.6301172529E+07
  5.5150300601E+00  8.0000000000E+00  2.7776271511E+03  2.5323245530E+04  7.0338534340E+07
  5.5230460922E+00  8.0000000000E+00  2.9162283852E+03  2.5585877052E+04  7.4614260921E+07
  5.5310621242E+00  8.0000000000E+00  3.0625860187E+03  2.5842760465E+04  7.9145676885E+07
  5.5390781563E+00  8.0000000000E+00  3.2171813067E+03  2.6094811264E+04  8.3951739002E+07
  5.5470941884E+00  8.0000000000E+00  3.3805203965E+03  2.6343059239E+04  8.9053249063E+07
  5.5551102204E+00  8.0000000000E+00  3.5531344686E+03  2.6588663483E+04  9.4473096695E+07
  5.5631262525E+00  8.0000000000E+00  3.7355799122E+03  2.6832828607E+04  1.0023617553E+08
  5.5711422846E+00  8.0000000000E+00  3.9284391148E+03  2.7076665842E+04  1.0636903319E+08
  5.5791583166E+00  8.0000000000E+00  4.1323218603E+03  2.7321161367E+04  1.1289983236E+08
  5.5871743487E+00  8.0000000000E+00  4.3478668308E+03  2.7567212535E+04  1.1985856900E+08
  5.5951903808E+00  8.0000000000E+00  4.5757429713E+03  2.7815660608E+04  1.2727731352E+08
  5.6032064128E+00  8.0000000000E+00  4.8166506946E+03  2.8067318651E+04  1.3519046988E+08
  5.6112224449E+00  8.0000000000E+00  5.0713230134E+03  2.8322972620E+04  1.4363494286E+08
  5.6192384770E+00  8.0000000000E+00  5.3405268671E+03  2.8583347010E+04  1.5265013266E+08
  5.6272545090E+00  8.0000000000E+00  5.6250647787E+03  2.8849087657E+04  1.6227798688E+08
  5.6352705411E+00  8.0000000000E+00  5.9257766942E+03  2.9120771736E+04  1.7256319047E+08
  5.6432865731E+00  8.0000000000E+00  6.2435418939E+03  2.9398916561E+04  1.8355336718E+08
  5.6513026052E+00  8.0000000000E+00  6.5792809908E+03  2.9683985980E+04  1.9529928469E+08
  5.6593186373E+00  8.0000000000E+00  6.9339580444E+03  2.9976393677E+04  2.0785505608E+08
  5.6673346693E+00  8.0000000000E+00  7.3085828450E+03  3.0276501193E+04  2.2127831723E+08
  5.6753507014E+00  8.0000000000E+00  7.7042134239E+03  3.0584614970E+04  2.3563040122E+08
  5.6833667335E+00  8.0000000000E+00  8.1219588210E+03  3.0900984055E+04  2.5097652002E+08
  5.6913827655E+00  8.0000000000E+00  8.5629821485E+03  3.1225795857E+04  2.6738593249E+08
  5.6993987976E+00  8.0000000000E+00  9.0285040116E+03  3.1559170385E+04  2.8493209642E+08
  5.7074148297E+00  8.0000000000E+00  9.5198063248E+03  3.1901156936E+04  3.0369283557E+08
  5.7154308617E+00  8.0000000000E+00  1.0038236362E+04  3.2251753677E+04  3.2375072649E+08
  5.7234468938E+00  8.0000000000E+00  1.0585210817E+04  3.2610930729E+04  3.4519357671E+08
  5.7314629259E+00  8.0000000000E+00  1.1162219990E+04  3.2978630914E+04  3.6811473322E+08
  5.7394789579E+00  8.0000000000E+00  1.1770832328E+04  3.3354762998E+04  3.9261332259E+08
  5.7474949900E+00  8.0000000000E+00  1.2412699464E+04  3.3739193711E+04  4.1879447169E+08
  5.7555110220E+00  8.0000000000E+00  1.3089561775E+04  3.4131741894E+04  4.4676954402E+08
  5.7635270541E+00  8.0000000000E+00  1.3803254145E+04  3.4532209461E+04  4.7665686336E+08
  5.7715430862E+00  8.0000000000E+00  1.4555711235E+04  3.4940434471E+04  5.0858287459E+08
  5.7795591182E+00  8.0000000000E+00  1.5348972234E+04  3.5356311176E+04  5.4268303852E+08
  5.7875751503E+00  8.0000000000E+00  1.6185185501E+04  3.5779788969E+04  5.7910252163E+08
  5.7955911824E+00  8.0000000000E+00  1.7066613308E+04  3.6210872049E+04  6.1799695082E+08
  5.8036072144E+00  8.0000000000E+00  1.7995636644E+04  3.6649620226E+04  6.5953324874E+08
  5.8116232465E+00  8.0000000000E+00  1.8974760124E+04  3.7096143905E+04  7.0389043213E+08
  5.8196392786E+00  8.0000000000E+00  2.0006617201E+04  3.7550591815E+04  7.5126031614E+08
  5.8276553106E+00  8.0000000000E+00  2.1093975711E+04  3.8013145856E+04  8.0184837536E+08
  5.8356713427E+00  8.0000000000E+00  2.2239743568E+04  3.8484024337E+04  8.5587483271E+08
  5.8436873747E+00  8.0000000000E+00  2.3446974476E+04  3.8963486685E+04  9.1357587779E+08
  5.8517034068E+00  8.0000000000E+00  2.4718873547E+04  3.9451839558E+04  9.7520503323E+08
  5.8597194389E+00  8.0000000000E+00  2.6058803006E+04  3.9949429824E+04  1.0410343220E+09
  5.8677354709E+00  8.0000000000E+00  2.7470288732E+04  4.0456606160E+04  1.1113546523E+09
  5.8757515030E+00  8.0000000000E+00  2.8957028253E+04  4.0973688809E+04  1.1864762645E+09
  5.8837675351E+00  8.0000000000E+00  3.0522899763E+04  4.1500967933E+04  1.2667298843E+09
  5.8917835671E+00  8.0000000000E+00  3.2171971741E+04  4.2038704928E+04  1.3524680270E+09
  5.8997995992E+00  8.0000000000E+00  3.3908513156E+04  4.2587132872E+04  1.4440663553E+09
  5.9078156313E+00  8.0000000000E+00  3.5737004360E+04  4.3146455240E+04  1.5419250590E+09
  5.9158316633E+00  8.0000000000E+00  3.7662148938E+04  4.3716836472E+04  1.6464700063E+09
  5.9238476954E+00  8.0000000000E+00  3.9688886844E+04  4.4298390877E+04  1.7581538229E+09
  5.9318637275E+00  8.0000000000E+00  4.1822408906E+04  4.4891176542E+04  1.8774571416E+09
  5.9398797595E+00  8.0000000000E+00  4.4068172764E+04  4.5495188528E+04  2.0048898280E+09
  5.9478957916E+00  8.0000000000E+00  4.6431920452E+04  4.6110350747E+04  2.1409921379E+09
  5.9559118236E+00  8.0000000000E+00  4.8919697825E+04  4.6736508492E+04  2.2863358729E+09
  5.9639278557E+00  8.0000000000E+00  5.1537875293E+04  4.7373446548E+04  2.4415267804E+09
  5.9719438878E+00  8.0000000000E+00  5.4293168874E+04  4.8020918487E+04  2.6072078369E+09
  5.9799599198E+00  8.0000000000E+00  5.7192661853E+04  4.8678649782E+04  2.7840615565E+09
  5.9879759519E+00  8.0000000000E+00  6.0243828188E+04  4.9346326924E+04  2.9728116410E+09
  5.9959919840E+00  8.0000000000E+00  6.3454558333E+04  5.0023584843E+04  3.1742244825E+09
  6.0040080160E+00  8.0000000000E+00  6.6833187812E+04  5.0709994625E+04  3.3891105947E+09
  6.0120240481E+00  8.0000000000E+00  7.0388527351E+04  5.1405094432E+04  3.6183288954E+09
  6.0200400802E+00  8.0000000000E+00  7.4129891477E+04  5.2108463346E+04  3.8627947329E+09
  6.0280561122E+00  8.0000000000E+00  7.8067124801E+04  5.2819756340E+04  4.1234865102E+09
  6.0360721443E+00  8.0000000000E+00  8.2210628292E+04  5.3538697763E+04  4.4014499811E+09
  6.0440881764E+00  8.0000000000E+00  8.6571387023E+04  5.4265073921E+04  4.6978027163E+09
  6.0521042084E+00  8.0000000000E+00  9.1160999471E+04  5.4998726913E+04  5.0137389151E+09
  6.0601202405E+00  8.0000000000E+00  9.5991708553E+04  5.5739546868E+04  5.3505343378E+09
  6.0681362725E+00  8.0000000000E+00  1.0107643471E+05  5.6487461656E+04  5.7095512302E+09
  6.0761523046E+00  8.0000000000E+00  1.0642881130E+05  5.7242428718E+04  6.0922436443E+09
  6.0841683367E+00  8.0000000000E+00  1.1206322214E+05  5.8004431253E+04  6.5001634648E+09
  6.0921843687E+00  8.0000000000E+00  1.1799484124E+05  5.8773476196E+04  6.9349669929E+09
  6.1002004008E+00  8.0000000000E+00  1.2423967459E+05  5.9549591650E+04  7.3984218882E+09
  6.1082164329E+00  8.0000000000E+00  1.3081460458E+05  6.0332819753E+04  7.8924139591E+09
  6.1162324649E+00  8.0000000000E+00  1.3773743883E+05  6.1123186865E+04  8.4189512122E+09
  6.1242484970E+00  8.0000000000E+00  1.4502696527E+05  6.1920673305E+04  8.9801673370E+09
  6.1322645291E+00  8.0000000000E+00  1.5270301325E+05  6.2725204286E+04  9.5783277014E+09
  6.1402805611E+00  8.0000000000E+00  1.6078652001E+05  6.3536643852E+04  1.0215835858E+10
  6.1482965932E+00  8.0000000000E+00  1.6929960288E+05  6.4354787541E+04  1.0895239974E+10
  6.1563126253E+00  8.0000000000E+00  1.7826563799E+05  6.5179354756E+04  1.1619239259E+10
  6.1643286573E+00  8.0000000000E+00  1.8770934496E+05  6.6009997468E+04  1.2390693386E+10
  6.1723446894E+00  8.0000000000E+00  1.9765687666E+05  6.6846312196E+04  1.3212633285E+10
  6.1803607214E+00  8.0000000000E+00  2.0813591535E+05  6.7687833849E+04  1.4088269256E+10
  6.1883767535E+00  8.0000000000E+00  2.1917577780E+05  6.8534021972E+04  1.5020997571E+10
  6.1963927856E+00  8.0000000000E+00  2.3080753126E+05  6.9384243481E+04  1.6014405946E+10
  6.2044088176E+00  8.0000000000E+00  2.4306412191E+05  7.0237756480E+04  1.7072278604E+10
  6.2124248497E+00  8.0000000000E+00  2.5598051484E+05  7.1093719698E+04  1.8198606970E+10
  6.2204408818E+00  8.0000000000E+00  2.6959384214E+05  7.1951224443E+04  1.9397607044E+10
  6.2284569138E+00  8.0000000000E+00  2.8394356016E+05  7.2809296615E+04  2.0673730894E+10
  6.2364729459E+00  8.0000000000E+00  2.9907162206E+05  7.3666872405E+04  2.2031671022E+10
  6.2444889780E+00  8.0000000000E+00  3.1502267017E+05  7.4522774082E+04  2.3476363279E+10
  6.2525050100E+00  8.0000000000E+00  3.3184425138E+05  7.5375681651E+04  2.5012986650E+10
  6.2605210421E+00  8.0000000000E+00  3.4958705324E+05  7.6224155357E+04  2.6646977857E+10
  6.2685370741E+00  8.0000000000E+00  3.6830514765E+05  7.7066732116E+04  2.8384074151E+10
  6.2765531062E+00  8.0000000000E+00  3.8805623752E+05  7.7901975901E+04  3.0230347664E+10
  6.2845691383E+00  8.0000000000E+00  4.0890192016E+05  7.8728450812E+04  3.2192214708E+10
  6.2925851703E+00  8.0000000000E+00  4.3090797986E+05  7.9544686856E+04  3.4276440322E+10
  6.3006012024E+00  8.0000000000E+00  4.5414471464E+05  8.0349148147E+04  3.6490140957E+10
  6.3086172345E+00  8.0000000000E+00  4.7868729265E+05  8.1140258238E+04  3.8840810541E+10
  6.3166332665E+00  8.0000000000E+00  5.0461610192E+05  8.1916614810E+04  4.1336442848E+10
  6.3246492986E+00  8.0000000000E+00  5.3201706210E+05  8.2677162318E+04  4.3985660999E+10
  6.3326653307E+00  8.0000000000E+00  5.6098192427E+05  8.3421166912E+04  4.6797766739E+10
  6.3406813627E+00  8.0000000000E+00  5.9160859132E+05  8.4148165995E+04  4.9782777946E+10
  6.3486973948E+00  8.0000000000E+00  6.2400146544E+05  8.4857918527E+04  5.2951465514E+10
  6.3567134269E+00  8.0000000000E+00  6.5827182305E+05  8.5550371885E+04  5.6315399263E+10
  6.3647294589E+00  8.0000000000E+00  6.9453821208E+05  8.6225653088E+04  5.9887010931E+10
  6.3727454910E+00  8.0000000000E+00  7.3292686607E+05  8.6884067010E+04  6.3679666945E+10
  6.3807615230E+00  8.0000000000E+00  7.7357213645E+05  8.7526081897E+04  6.7707738168E+10
  6.3887775551E+00  8.0000000000E+00  8.1661694755E+05  8.8152308022E+04  7.1986668696E+10
  6.3967935872E+00  8.0000000000E+00  8.6221327528E+05  8.8763484333E+04  7.6533054552E+10
  6.4048096192E+00  8.0000000000E+00  9.1052264892E+05  8.9360464927E+04  8.1364727234E+10
  6.4128256513E+00  8.0000000000E+00  9.6171668618E+05  8.9944174126E+04  8.6500813082E+10
  6.4208416834E+00  8.0000000000E+00  1.0159776820E+06  9.0515538298E+04  9.1961766789E+10
  6.4288577154E+00  8.0000000000E+00  1.0734992533E+06  9.1075464968E+04  9.7769443639E+10
  6.4368737475E+00  8.0000000000E+00  1.1344870197E+06  9.1624860844E+04  1.0394721531E+11
  6.4448897796E+00  8.0000000000E+00  1.1991593121E+06  9.2164644627E+04  1.1052009185E+11
  6.4529058116E+00  8.0000000000E+00  1.2677479060E+06  9.2695765337E+04  1.1751486240E+11
  6.4609218437E+00  8.0000000000E+00  1.3404987865E+06  9.3219194139E+04  1.2496021662E+11
  6.4689378758E+00  8.0000000000E+00  1.4176729701E+06  9.3735880858E+04  1.3288682462E+11
  6.4769539078E+00  8.0000000000E+00  1.4995473926E+06  9.4246740477E+04  1.4132745395E+11
  6.4849699399E+00  8.0000000000E+00  1.5864158438E+06  9.4752674802E+04  1.5031714455E+11
  6.4929859719E+00  8.0000000000E+00  1.6785899301E+06  9.5254597510E+04  1.5989340818E+11
  6.5010020040E+00  8.0000000000E+00  1.7764000622E+06  9.5753457600E+04  1.7009644804E+11
  6.5090180361E+00  8.0000000000E+00  1.8801964698E+06  9.6250244968E+04  1.8096937081E+11
  6.5170340681E+00  8.0000000000E+00  1.9903502855E+06  9.6745936660E+04  1.9255830265E+11
  6.5250501002E+00  8.0000000000E+00  2.1072547339E+06  9.7241454798E+04  2.0491251595E+11
  6.5330661323E+00  8.0000000000E+00  2.2313263985E+06  9.7737686419E+04  2.1808467984E+11
  6.5410821643E+00  8.0000000000E+00  2.3630065307E+06  9.8235510622E+04  2.3213115314E+11
  6.5490981964E+00  8.0000000000E+00  2.5027623865E+06  9.8735826053E+04  2.4711231164E+11
  6.5571142285E+00  8.0000000000E+00  2.6510885926E+06  9.9239568652E+04  2.6309288838E+11
  6.5651302605E+00  8.0000000000E+00  2.8085085793E+06  9.9747676906E+04  2.8014220636E+11
  6.5731462926E+00  8.0000000000E+00  2.9755761397E+06  1.0026104596E+05  2.9833437611E+11
  6.5811623246E+00  8.0000000000E+00  3.1528771012E+06  1.0078053264E+05  3.1774863362E+11
  6.5891783567E+00  8.0000000000E+00  3.3410310616E+06  1.0130697919E+05  3.3846976422E+11
  6.5971943888E+00  8.0000000000E+00  3.5406931694E+06  1.0184123540E+05  3.6058856654E+11
  6.6052104208E+00  8.0000000000E+00  3.7525559415E+06  1.0238417927E+05  3.8420236024E+11
  6.6132264529E+00  8.0000000000E+00  3.9773511500E+06  1.0293670198E+05  4.0941541000E+11
  6.6212424850E+00  8.0000000000E+00  4.2158518427E+06  1.0349966910E+05  4.3633927070E+11
  6.6292585170E+00  8.0000000000E+00  4.4688745118E+06  1.0407391392E+05  4.6509326126E+11
  6.6372745491E+00  8.0000000000E+00  4.7372813589E+06  1.0466025290E+05  4.9580506507E+11
  6.6452905812E+00  8.0000000000E+00  5.0219826314E+06  1.0525950134E+05  5.2861138753E+11
  6.6533066132E+00  8.0000000000E+00  5.3239390236E+06  1.0587248869E+05  5.6365867406E+11
  6.6613226453E+00  8.0000000000E+00  5.6441641580E+06  1.0650005602E+05  6.0110379903E+11
  6.6693386774E+00  8.0000000000E+00  5.9837272143E+06  1.0714302987E+05  6.4111466364E+11
  6.6773547094E+00  8.0000000000E+00  6.3437557367E+06  1.0780220893E+05  6.8387088131E+11
  6.6853707415E+00  8.0000000000E+00  6.7254385883E+06  1.0847837136E+05  7.2956462476E+11
  6.6933867735E+00  8.0000000000E+00  7.1300290225E+06  1.0917228347E+05  7.7840154961E+11
  6.7014028056E+00  8.0000000000E+00  7.5588478693E+06  1.0988470728E+05  8.3060178546E+11
  6.7094188377E+00  8.0000000000E+00  8.0132868471E+06  1.1061640337E+05  8.8640097019E+11
  6.7174348697E+00  8.0000000000E+00  8.4948120402E+06  1.1136812057E+05  9.4605125150E+11
  6.7254509018E+00  8.0000000000E+00  9.0049675807E+06  1.1214058623E+05  1.0098223435E+12
  6.7334669339E+00  8.0000000000E+00  9.5453795277E+06  1.1293450798E+05  1.0780027404E+12
  6.7414829659E+00  8.0000000000E+00  1.0117759931E+07  1.1375057614E+05  1.1509010213E+12
  6.7494989980E+00  8.0000000000E+00  1.0723911080E+07  1.1458946628E+05  1.2288472470E+12
  6.7575150301E+00  8.0000000000E+00  1.1365729961E+07  1.1545183944E+05  1.3121944306E+12
  6.7655310621E+00  8.0000000000E+00  1.2045212941E+07  1.1633833854E+05  1.4013200608E+12
  6.7735470942E+00  8.0000000000E+00  1.2764460711E+07  1.1724958350E+05  1.4966277019E+12
  6.7815631263E+00  8.0000000000E+00  1.3525683517E+07  1.1818616794E+05  1.5985487037E+12
  6.7895791583E+00  8.0000000000E+00  1.4331206678E+07  1.1914865752E+05  1.7075440363E+12
  6.7975951904E+00  8.0000000000E+00  1.5183476423E+07  1.2013758551E+05  1.8241061970E+12
  6.8056112224E+00  8.0000000000E+00  1.6085066091E+07  1.2115344849E+05  1.9487612262E+12
  6.8136272545E+00  8.0000000000E+00  1.7038682704E+07  1.2219670246E+05  2.0820708407E+12
  6.8216432866E+00  8.0000000000E+00  1.8047173953E+07  1.2326775828E+05  2.2246346766E+12
  6.8296593186E+00  8.0000000000E+00  1.9113535657E+07  1.2436697487E+05  2.3770926088E+12
  6.8376753507E+00  8.0000000000E+00  2.0240919746E+07  1.2549464799E+05  2.5401270985E+12
  6.8456913828E+00  8.0000000000E+00  2.1432642856E+07  1.2665099861E+05  2.7144656206E+12
  6.8537074148E+00  8.0000000000E+00  2.2692195628E+07  1.2783615778E+05  2.9008831006E+12
  6.8617234469E+00  8.0000000000E+00  2.4023252694E+07  1.2905016926E+05  3.1002048265E+12
  6.8697394790E+00  8.0000000000E+00  2.5429683221E+07  1.3029301308E+05  3.3133100486E+12
  6.8777555110E+00  8.0000000000E+00  2.6915562010E+07  1.3156461014E+05  3.5411354227E+12
  6.8857715431E+00  8.0000000000E+00  2.8485181402E+07  1.3286480561E+05  3.7846780899E+12
  6.8937875752E+00  8.0000000000E+00  3.0143064215E+07  1.3419334816E+05  4.0449987108E+12
  6.9018036072E+00  8.0000000000E+00  3.1893977870E+07  1.3554986689E+05  4.3232244549E+12
  6.9098196393E+00  8.0000000000E+00  3.3742949755E+07  1.3693386548E+05  4.6205525428E+12
  6.9178356713E+00  8.0000000000E+00  3.5695283521E+07  1.3834475998E+05  4.9382554310E+12
  6.9258517034E+00  8.0000000000E+00  3.7756576118E+07  1.3978190283E+05  5.2776860542E+12
  6.9338677355E+00  8.0000000000E+00  3.9932736025E+07  1.4124456135E+05  5.6402817833E+12
  6.9418837675E+00  8.0000000000E+00  4.2230003162E+07  1.4273188813E+05  6.0275680869E+12
  6.9498997996E+00  8.0000000000E+00  4.4654970807E+07  1.4424288804E+05  6.4411619548E+12
  6.9579158317E+00  8.0000000000E+00  4.7214609656E+07  1.4577640024E+05  6.8827758343E+12
  6.9659318637E+00  8.0000000000E+00  4.9916293431E+07  1.4733115631E+05  7.3542252298E+12
  6.9739478958E+00  8.0000000000E+00  5.2767825357E+07  1.4890584148E+05  7.8574374378E+12
  6.9819639279E+00  8.0000000000E+00  5.5777466125E+07  1.5049907899E+05  8.3944572803E+12
  6.9899799599E+00  8.0000000000E+00  5.8953964406E+07  1.5210939203E+05  8.9674516834E+12
  6.9979959920E+00  8.0000000000E+00  6.2306590505E+07  1.5373516138E+05  9.5787137464E+12
  7.0060120240E+00  8.0000000000E+00  6.5845173516E+07  1.5537459220E+05  1.0230666983E+13
  7.0140280561E+00  8.0000000000E+00  6.9580141302E+07  1.5702576460E+05  1.0925874889E+13
  7.0220440882E+00  8.0000000000E+00  7.3522562049E+07  1.5868671805E+05  1.1667054074E+13
  7.0300601202E+00  8.0000000000E+00  7.7684187940E+07  1.6035545111E+05  1.2457083001E+13
  7.0380761523E+00  8.0000000000E+00  8.2077502762E+07  1.6202987087E+05  1.3299007174E+13
  7.0460921844E+00  8.0000000000E+00  8.6715774552E+07  1.6370774487E+05  1.4196043896E+13
  7.0541082164E+00  8.0000000000E+00  9.1613113936E+07  1.6538665369E+05  1.5151586348E+13
  7.0621242485E+00  8.0000000000E+00  9.6784536846E+07  1.6706407364E+05  1.6169218991E+13
  7.0701402806E+00  8.0000000000E+00  1.0224602781E+08  1.6873758322E+05  1.7252747626E+13
  7.0781563126E+00  8.0000000000E+00  1.0801460328E+08  1.7040493613E+05  1.8406221572E+13
  7.0861723447E+00  8.0000000000E+00  1.1410837863E+08  1.7206400955E+05  1.9633945150E+13
  7.0941883768E+00  8.0000000000E+00  1.2054664152E+08  1.7371274491E+05  2.0940487988E+13
  7.1022044088E+00  8.0000000000E+00  1.2734993226E+08  1.7534909844E+05  2.2330695809E+13
  7.1102204409E+00  8.0000000000E+00  1.3454013011E+08  1.7697108308E+05  2.3809712544E+13
  7.1182364729E+00  8.0000000000E+00  1.4214054050E+08  1.7857697183E+05  2.5383027297E+13
  7.1262525050E+00  8.0000000000E+00  1.5017598039E+08  1.8016542592E+05  2.7056519470E+13
  7.1342685371E+00  8.0000000000E+00  1.5867286566E+08  1.8173545182E+05  2.8836484932E+13
  7.1422845691E+00  8.0000000000E+00  1.6765930440E+08  1.8328635104E+05  3.0729662121E+13
  7.1503006012E+00  8.0000000000E+00  1.7716519678E+08  1.8481767186E+05  3.2743259204E+13
  7.1583166333E+00  8.0000000000E+00  1.8722234139E+08  1.8632918659E+05  3.4884986582E+13
  7.1663326653E+00  8.0000000000E+00  1.9786454690E+08  1.8782090442E+05  3.7163098151E+13
  7.1743486974E+00  8.0000000000E+00  2.0912774828E+08  1.8929308270E+05  3.9586436150E+13
  7.1823647295E+00  8.0000000000E+00  2.2105012788E+08  1.9074621937E+05  4.2164476186E+13
  7.1903807615E+00  8.0000000000E+00  2.3367224243E+08  1.9218103320E+05  4.4907372980E+13
  7.1983967936E+00  8.0000000000E+00  2.4703715588E+08  1.9359846191E+05  4.7826013412E+13
  7.2064128257E+00  8.0000000000E+00  2.6119057795E+08  1.9499965232E+05  5.0932071889E+13
  7.2144288577E+00  8.0000000000E+00  2.7618101175E+08  1.9638586987E+05  5.4238048235E+13
  7.2224448898E+00  8.0000000000E+00  2.9205991505E+08  1.9775840137E+05  5.7757301904E+13
  7.2304609218E+00  8.0000000000E+00  3.0888187418E+08  1.9911854253E+05  6.1504108601E+13
  7.2384769539E+00  8.0000000000E+00  3.2670478654E+08  2.0046762654E+05  6.5493733135E+13
  7.2464929860E+00  8.0000000000E+00  3.4559005029E+08  2.0180704997E+05  6.9742508549E+13
  7.2545090180E+00  8.0000000000E+00  3.6560276072E+08  2.0313830310E+05  7.4267924421E+13
  7.2625250501E+00  8.0000000000E+00  3.8681191655E+08  2.0446292312E+05  7.9088695153E+13
  7.2705410822E+00  8.0000000000E+00  4.0929064426E+08  2.0578238825E+05  8.4224806263E+13
  7.2785571142E+00  8.0000000000E+00  4.3311644155E+08  2.0709809620E+05  8.9697590481E+13
  7.2865731463E+00  8.0000000000E+00  4.5837143453E+08  2.0841139732E+05  9.5529831159E+13
  7.2945891784E+00  8.0000000000E+00  4.8514264528E+08  2.0972363472E+05  1.0174587893E+14
  7.3026052104E+00  8.0000000000E+00  5.1352226925E+08  2.1103618123E+05  1.0837177868E+14
  7.3106212425E+00  8.0000000000E+00  5.4360796477E+08  2.1235043275E+05  1.1543538656E+14
  7.3186372745E+00  8.0000000000E+00  5.7550316246E+08  2.1366774341E+05  1.2296646205E+14
  7.3266533066E+00  8.0000000000E+00  6.0931739880E+08  2.1498939135E+05  1.3099677671E+14
  7.3346693387E+00  8.0000000000E+00  6.4516666918E+08  2.1631660890E+05  1.3956026605E+14
  7.3426853707E+00  8.0000000000E+00  6.8317379601E+08  2.1765061481E+05  1.4869319672E+14
  7.3507014028E+00  8.0000000000E+00  7.2346881102E+08  2.1899264992E+05  1.5843435206E+14
  7.3587174349E+00  8.0000000000E+00  7.6618935248E+08  2.2034399029E+05  1.6882521924E+14
  7.3667334669E+00  8.0000000000E+00  8.1148108643E+08  2.2170589343E+05  1.7991013927E+14
  7.3747494990E+00  8.0000000000E+00  8.5949815963E+08  2.2307955531E+05  1.9173646724E+14
  7.3827655311E+00  8.0000000000E+00  9.1040368052E+08  2.2446612628E+05  2.0435478752E+14
  7.3907815631E+00  8.0000000000E+00  9.6437022228E+08  2.2586674016E+05  2.1781915841E+14
  7.3987975952E+00  8.0000000000E+00  1.0215803462E+09  2.2728254191E+05  2.3218737784E+14
  7.4068136273E+00  8.0000000000E+00  1.0822271457E+09  2.2871470927E+05  2.4752126699E+14
  7.4148296593E+00  8.0000000000E+00  1.1465148185E+09  2.3016442470E+05  2.6388692361E+14
  7.4228456914E+00  8.0000000000E+00  1.2146592774E+09  2.3163283194E+05  2.8135496827E+14
  7.4308617234E+00  8.0000000000E+00  1.2868887988E+09  2.3312104287E+05  3.0000085882E+14
  7.4388777555E+00  8.0000000000E+00  1.3634447019E+09  2.3463015972E+05  3.1990524817E+14
  7.4468937876E+00  8.0000000000E+00  1.4445820563E+09  2.3616129942E+05  3.4115437553E+14
  7.4549098196E+00  8.0000000000E+00  1.5305704167E+09  2.3771561519E+05  3.6384048819E+14
  7.4629258517E+00  8.0000000000E+00  1.6216945924E+09  2.3929428206E+05  3.8806224322E+14
  7.4709418838E+00  8.0000000000E+00  1.7182554645E+09  2.4089845671E+05  4.1392508964E+14
  7.4789579158E+00  8.0000000000E+00  1.8205708540E+09  2.4252926902E+05  4.4154171842E+14
  7.4869739479E+00  8.0000000000E+00  1.9289764334E+09  2.4418784192E+05  4.7103259238E+14
  7.4949899800E+00  8.0000000000E+00  2.0438266763E+09  2.4587531037E+05  5.0252651837E+14
  7.5030060120E+00  8.0000000000E+00  2.1654958451E+09  2.4759284164E+05  5.3616126984E+14
  7.5110220441E+00  8.0000000000E+00  2.2943790214E+09  2.4934163347E+05  5.7208421299E+14
  7.5190380762E+00  8.0000000000E+00  2.4308931948E+09  2.5112287963E+05  6.1045289915E+14
  7.5270541082E+00  8.0000000000E+00  2.5754784190E+09  2.5293775299E+05  6.5143572418E+14
  7.5350701403E+00  8.0000000000E+00  2.7285990277E+09  2.5478741933E+05  6.9521270463E+14
  7.5430861723E+00  8.0000000000E+00  2.8907449025E+09  2.5667305434E+05  7.4197632344E+14
  7.5511022044E+00  8.0000000000E+00  3.0624327933E+09  2.5859585995E+05  7.9193244170E+14
  7.5591182365E+00  8.0000000000E+00  3.2442076931E+09  2.6055707125E+05  8.4530125504E+14
  7.5671342685E+00  8.0000000000E+00  3.4366442839E+09  2.6255793217E+05  9.0231821679E+14
  7.5751503006E+00  8.0000000000E+00  3.6403484677E+09  2.6459967621E+05  9.6323502584E+14
  7.5831663327E+00  8.0000000000E+00  3.8559589765E+09  2.6668353496E+05  1.0283207705E+15
  7.5911823647E+00  8.0000000000E+00  4.0841490539E+09  2.6881075229E+05  1.0978631797E+15
  7.5991983968E+00  8.0000000000E+00  4.3256282050E+09  2.7098259906E+05  1.1721699736E+15
  7.6072144289E+00  8.0000000000E+00  4.5811440176E+09  2.7320038256E+05  1.2515702982E+15
  7.6152304609E+00  8.0000000000E+00  4.8514840730E+09  2.7546542814E+05  1.3364161373E+15
  7.6232464930E+00  8.0000000000E+00  5.1374779670E+09  2.7777905200E+05  1.4270837594E+15
  7.6312625251E+00  8.0000000000E+00  5.4399994440E+09  2.8014256270E+05  1.5239753853E+15
  7.6392785571E+00  8.0000000000E+00  5.7599686293E+09  2.8255727257E+05  1.6275210260E+15
  7.6472945892E+00  8.0000000000E+00  6.0983543570E+09  2.8502450900E+05  1.7381804563E+15
  7.6553106212E+00  8.0000000000E+00  6.4561765969E+09  2.8754562577E+05  1.8564453396E+15
  7.6633266533E+00  8.0000000000E+00  6.8345089923E+09  2.9012199526E+05  1.9828413855E+15
  7.6713426854E+00  8.0000000000E+00  7.2344815360E+09  2.9275499019E+05  2.1179305711E+15
  7.6793587174E+00  8.0000000000E+00  7.6572833878E+09  2.9544598161E+05  2.2623136070E+15
  7.6873747495E+00  8.0000000000E+00  8.1041658261E+09  2.9819634764E+05  2.4166326500E+15
  7.6953907816E+00  8.0000000000E+00  8.5764453281E+09  3.0100748315E+05  2.5815742226E+15
  7.7034068136E+00  8.0000000000E+00  9.0755067823E+09  3.0388081020E+05  2.7578723540E+15
  7.7114228457E+00  8.0000000000E+00  9.6028068450E+09  3.0681777489E+05  2.9463118289E+15
  7.7194388778E+00  8.0000000000E+00  1.0159877477E+10  3.0981982633E+05  3.1477314755E+15
  7.7274549098E+00  8.0000000000E+00  1.0748329677E+10  3.1288840792E+05  3.3630277604E+15
  7.7354709419E+00  8.0000000000E+00  1.1369857400E+10  3.1602496331E+05  3.5931587678E+15
  7.7434869739E+00  8.0000000000E+00  1.2026241660E+10  3.1923094485E+05  3.8391484881E+15
  7.7515030060E+00  8.0000000000E+00  1.2719354807E+10  3.2250781968E+05  4.1020913866E+15
  7.7595190381E+00  8.0000000000E+00  1.3451165018E+10  3.2585707169E+05  4.3831572435E+15
  7.7675350701E+00  8.0000000000E+00  1.4223740994E+10  3.2928019226E+05  4.6835961691E+15
  7.7755511022E+00  8.0000000000E+00  1.5039256929E+10  3.3277866921E+05  5.0047439066E+15
  7.7835671343E+00  8.0000000000E+00  1.5899997715E+10  3.3635399242E+05  5.3480277108E+15
  7.7915831663E+00  8.0000000000E+00  1.6808364403E+10  3.4000765715E+05  5.7149726013E+15
  7.7995991984E+00  8.0000000000E+00  1.7766879922E+10  3.4374116924E+05  6.1072080782E+15
  7.8076152305E+00  8.0000000000E+00  1.8778195055E+10  3.4755605176E+05  6.5264753326E+15
  7.8156312625E+00  8.0000000000E+00  1.9845094721E+10  3.5145383567E+05  6.9746346590E+15
  7.8236472946E+00  8.0000000000E+00  2.0970504579E+10  3.5543605477E+05  7.4536734142E+15
  7.8316633267E+00  8.0000000000E+00  2.2157497971E+10  3.5950424698E+05  7.9657146230E+15
  7.8396793587E+00  8.0000000000E+00  2.3409303199E+10  3.6365995797E+05  8.5130262174E+15
  7.8476953908E+00  8.0000000000E+00  2.4729311157E+10  3.6790474419E+05  9.0980308954E+15
  7.8557114228E+00  8.0000000000E+00  2.6121083324E+10  3.7224017570E+05  9.7233166460E+15
  7.8637274549E+00  8.0000000000E+00  2.7588360149E+10  3.7666783667E+05  1.0391647934E+16
  7.8717434870E+00  8.0000000000E+00  2.9135069862E+10  3.8118931955E+05  1.1105977456E+16
  7.8797595190E+00  8.0000000000E+00  3.0765337724E+10  3.8580622864E+05  1.1869458920E+16
  7.8877755511E+00  8.0000000000E+00  3.2483495732E+10  3.9052017986E+05  1.2685460596E+16
  7.8957915832E+00  8.0000000000E+00  3.4294092805E+10  3.9533280241E+05  1.3557579814E+16
  7.9038076152E+00  8.0000000000E+00  3.6201905451E+10  4.0024574418E+05  1.4489658588E+16
  7.9118236473E+00  8.0000000000E+00  3.8211948965E+10  4.0526067050E+05  1.5485800059E+16
  7.9198396794E+00  8.0000000000E+00  4.0329489182E+10  4.1037926189E+05  1.6550386003E+16
  7.9278557114E+00  8.0000000000E+00  4.2560054819E+10  4.1560321341E+05  1.7688095546E+16
  7.9358717435E+00  8.0000000000E+00  4.4909450430E+10  4.2093423898E+05  1.8903925340E+16
  7.9438877756E+00  8.0000000000E+00  4.7383769988E+10  4.2637406987E+05  2.0203210856E+16
  7.9519038076E+00  8.0000000000E+00  4.9989411144E+10  4.3192445772E+05  2.1591649300E+16
  7.9599198397E+00  8.0000000000E+00  5.2733090161E+10  4.3758717913E+05  2.3075324170E+16
  7.9679358717E+00  8.0000000000E+00  5.5621857580E+10  4.4336403812E+05  2.4660731384E+16
  7.9759519038E+00  8.0000000000E+00  5.8663114617E+10  4.4925687034E+05  2.6354807277E+16
  7.9839679359E+00  8.0000000000E+00  6.1864630357E+10  4.5526754487E+05  2.8164958377E+16
  7.9919839679E+00  8.0000000000E+00  6.5234559758E+10  4.6139797069E+05  3.0099093492E+16
  8.0000000000E+00  8.0000000000E+00  6.8781462506E+10  4.6765009777E+05  3.2165657666E+16
  4.0000000000E+00  1.8000000000E+01  0.0000000000E+00  0.0000000000E+00  0.0000000000E+00
  4.0080160321E+00  1.8000000000E+01  3.8260704068E-01  4.5944691166E+01  1.7578762322E+01
  4.0160320641E+00  1.8000000000E+01  7.2601926272E-01  6.6323375297E+01  4.8152048034E+01
  4.0240480962E+00  1.8000000000E+01  9.9511036689E-01  8.3830896076E+01  8.3420993751E+01
  4.0320641283E+00  1.8000000000E+01  1.2272846167E+00  1.0102827745E+02  1.2399045077E+02
  4.0400801603E+00  1.8000000000E+01  1.4354368130E+00  1.1850768469E+02  1.7011029323E+02
  4.0480961924E+00  1.8000000000E+01  1.6263008063E+00  1.3662978932E+02  2.2220113653E+02
  4.0561122244E+00  1.8000000000E+01  1.8039149329E+00  1.5565608171E+02  2.8079033020E+02
  4.0641282565E+00  1.8000000000E+01  1.9709244113E+00  1.7579825793E+02  3.4648507802E+02
  4.0721442886E+00  1.8000000000E+01  2.1291749880E+00  1.9723899902E+02  4.1995634337E+02
  4.0801603206E+00  1.8000000000E+01  2.2800198557E+00  2.2014155235E+02  5.0192711042E+02
  4.0881763527E+00  1.8000000000E+01  2.4244929095E+00  2.4465399983E+02  5.9316188786E+02
  4.0961923848E+00  1.8000000000E+01  2.5634134076E+00  2.7090960052E+02  6.9445330224E+02
  4.1042084168E+00  1.8000000000E+01  2.6974529248E+00  2.9902442739E+02  8.0660431624E+02
  4.1122244489E+00  1.8000000000E+01  2.8271799605E+00  3.2909449624E+02  9.3040936488E+02
  4.1202404810E+00  1.8000000000E+01  2.9530904149E+00  3.6119227487E+02  1.0666334449E+03
  4.1282565130E+00  1.8000000000E+01  3.0756292661E+00  3.9536028617E+02  1.2159816668E+03
  4.1362725451E+00  1.8000000000E+01  3.1952069694E+00  4.3160219394E+02  1.3790583381E+03
  4.1442885772E+00  1.8000000000E+01  3.3122125828E+00  4.6987171786E+02  1.5563150162E+03
  4.1523046092E+00  1.8000000000E+01  3.4270248067E+00  5.1005986384E+02  1.7479878063E+03
  4.1603206413E+00  1.8000000000E+01  3.5400201587E+00  5.5199615761E+02  1.9540775254E+03
  4.1683366733E+00  1.8000000000E+01  3.6515755569E+00  5.9547628173E+02  2.1744266351E+03
  4.1763527054E+00  1.8000000000E+01  3.7620664392E+00  6.4027974098E+02  2.4087749252E+03
  4.1843687375E+00  1.8000000000E+01  3.8718654382E+00  6.8616454457E+02  2.6567367850E+03
  4.1923847695E+00  1.8000000000E+01  3.9813437452E+00  7.3285905561E+02  2.9177638171E+03
  4.2004008016E+00  1.8000000000E+01  4.0908745251E+00  7.8005394895E+02  3.1911028279E+03
  4.2084168337E+00  1.8000000000E+01  4.2008369410E+00  8.2740751793E+02  3.4758040666E+03
  4.2164328657E+00  1.8000000000E+01  4.3116172418E+00  8.7459283234E+02  3.7709095355E+03
  4.2244488978E+00  1.8000000000E+01  4.4236055971E+00  9.2133807204E+02  4.0756362523E+03
  4.2324649299E+00  1.8000000000E+01  4.5371925319E+00  9.6742460763E+02  4.3893917049E+03
  4.2404809619E+00  1.8000000000E+01  4.6527676703E+00  1.0126766900E+03  4.7117493635E+03
  4.2484969940E+00  1.8000000000E+01  4.7707203684E+00  1.0569522098E+03  5.0424234358E+03
  4.2565130261E+00  1.8000000000E+01  4.8914414630E+00  1.1001358146E+03  5.3812499384E+03
  4.2645290581E+00  1.8000000000E+01  5.0153252049E+00  1.1421409826E+03  5.7282084574E+03
  4.2725450902E+00  1.8000000000E+01  5.1427706606E+00  1.1829140129E+03  6.0834554794E+03
  4.2805611222E+00  1.8000000000E+01  5.2741828725E+00  1.2224298408E+03  6.4473185293E+03
  4.2885771543E+00  1.8000000000E+01  5.4099742812E+00  1.2606856472E+03  6.8202769278E+03
  4.2965931864E+00  1.8000000000E+01  5.5505664166E+00  1.2976957454E+03  7.2029464231E+03
  4.3046092184E+00  1.8000000000E+01  5.6963917294E+00  1.3334875092E+03  7.5960672188E+03
  4.3126252505E+00  1.8000000000E+01  5.8478954008E+00  1.3680996886E+03  8.0005038766E+03
  4.3206412826E+00  1.8000000000E+01  6.0055369416E+00  1.4015823224E+03  8.4172544139E+03
  4.3286573146E+00  1.8000000000E+01  6.1697915696E+00  1.4339956092E+03  8.8474540205E+03
  4.3366733467E+00  1.8000000000E+01  6.3411514790E+00  1.4654081088E+03  9.2923747964E+03
  4.3446893788E+00  1.8000000000E+01  6.5201270188E+00  1.4958956650E+03  9.7534297427E+03
  4.3527054108E+00  1.8000000000E+01  6.7072477190E+00  1.5255408976E+03  1.0232180705E+04
  4.3607214429E+00  1.8000000000E+01  6.9030632303E+00  1.5544312678E+03  1.0730337329E+04
  4.3687374749E+00  1.8000000000E+01  7.1081444233E+00  1.5826551089E+03  1.1249741086E+04
  4.3767535070E+00  1.8000000000E+01  7.3230846742E+00  1.6103001025E+03  1.1792364001E+04
  4.3847695391E+00  1.8000000000E+01  7.5485010200E+00  1.6374548678E+03  1.2360329739E+04
  4.3927855711E+00  1.8000000000E+01  7.7850349347E+00  1.6642110188E+03  1.2955940920E+04
  4.4008016032E+00  1.8000000000E+01  8.0333526280E+00  1.6906654731E+03  1.3581711922E+04
  4.4088176353E+00  1.8000000000E+01  8.2941449703E+00  1.7169202429E+03  1.4240385397E+04
  4.4168336673E+00  1.8000000000E+01  8.5681278157E+00  1.7430745304E+03  1.4934885369E+04
  4.4248496994E+00  1.8000000000E+01  8.8560433181E+00  1.7692185205E+03  1.5668275857E+04
  4.4328657315E+00  1.8000000000E+01  9.1586616493E+00  1.7954352191E+03  1.6443783685E+04
  4.4408817635E+00  1.8000000000E+01  9.4767824237E+00  1.8218034252E+03  1.7264834679E+04
  4.4488977956E+00  1.8000000000E+01  9.8112356974E+00  1.8484004077E+03  1.8135092063E+04
  4.4569138277E+00  1.8000000000E+01  1.0162882555E+01  1.8753038030E+03  1.9058492305E+04
  4.4649298597E+00  1.8000000000E+01  1.0532615704E+01  1.9025892463E+03  2.0039241374E+04
  4.4729458918E+00  1.8000000000E+01  1.0921360633E+01  1.9303268571E+03  2.1081795746E+04
  4.4809619238E+00  1.8000000000E+01  1.1330077189E+01  1.9585815117E+03  2.2190879708E+04
  4.4889779559E+00  1.8000000000E+01  1.1759761117E+01  1.9874143306E+03  2.3371517769E+04
  4.4969939880E+00  1.8000000000E+01  1.2211445433E+01  2.0168840573E+03  2.4629069610E+04
  4.5050100200E+00  1.8000000000E+01  1.2686201590E+01  2.0470482932E+03  2.5969267313E+04
  4.5130260521E+00  1.8000000000E+01  1.3185140505E+01  2.0779641661E+03  2.7398249495E+04
  4.5210420842E+00  1.8000000000E+01  1.3709413493E+01  2.1096886316E+03  2.8922593793E+04
  4.5290581162E+00  1.8000000000E+01  1.4260213107E+01  2.1422792397E+03  3.0549358493E+04
  4.5370741483E+00  1.8000000000E+01  1.4838773728E+01  2.1757952763E+03  3.2286133783E+04
  4.5450901804E+00  1.8000000000E+01  1.5446371818E+01  2.2102989426E+03  3.4141099296E+04
  4.5531062124E+00  1.8000000000E+01  1.6084325745E+01  2.2458566568E+03  3.6123090046E+04
  4.5611222445E+00  1.8000000000E+01  1.6753995321E+01  2.2825388784E+03  3.8241645690E+04
  4.5691382766E+00  1.8000000000E+01  1.7456781590E+01  2.3204176587E+03  4.0507024266E+04
  4.5771543086E+00  1.8000000000E+01  1.8194127121E+01  2.3595653509E+03  4.2930231944E+04
  4.5851703407E+00  1.8000000000E+01  1.8967516368E+01  2.4000555132E+03  4.5523092230E+04
  4.5931863727E+00  1.8000000000E+01  1.9778475741E+01  2.4419639372E+03  4.8298324492E+04
  4.6012024048E+00  1.8000000000E+01  2.0628573311E+01  2.4853697280E+03  5.1269631640E+04
  4.6092184369E+00  1.8000000000E+01  2.1519418143E+01  2.5303560747E+03  5.4451790423E+04
  4.6172344689E+00  1.8000000000E+01  2.2452659540E+01  2.5770095435E+03  5.7860717911E+04
  4.6252505010E+00  1.8000000000E+01  2.3429986416E+01  2.6254197476E+03  6.1513549023E+04
  4.6332665331E+00  1.8000000000E+01  2.4453126506E+01  2.6756803721E+03  6.5428750629E+04
  4.6412825651E+00  1.8000000000E+01  2.5523845088E+01  2.7278904388E+03  6.9626252977E+04
  4.6492985972E+00  1.8000000000E+01  2.6643943060E+01  2.7821559251E+03  7.4127604053E+04
  4.6573146293E+00  1.8000000000E+01  2.7815254312E+01  2.8385909331E+03  7.8956128693E+04
  4.6653306613E+00  1.8000000000E+01  2.9039643228E+01  2.8973151714E+03  8.4136998897E+04
  4.6733466934E+00  1.8000000000E+01  3.0319003399E+01  2.9584504943E+03  8.9697270592E+04
  4.6813627255E+00  1.8000000000E+01  3.1655257165E+01  3.0221209284E+03  9.5666015174E+04
  4.6893787575E+00  1.8000000000E+01  3.3050355114E+01  3.0884537372E+03  1.0207449277E+05
  4.6973947896E+00  1.8000000000E+01  3.4506275247E+01  3.1575805058E+03  1.0895634205E+05
  4.7054108216E+00  1.8000000000E+01  3.6025021796E+01  3.2296383096E+03  1.1634779050E+05
  4.7134268537E+00  1.8000000000E+01  3.7608624324E+01  3.3047679477E+03  1.2428777622E+05
  4.7214428858E+00  1.8000000000E+01  3.9259138378E+01  3.3831101664E+03  1.3281799017E+05
  4.7294589178E+00  1.8000000000E+01  4.0978647730E+01  3.4648044227E+03  1.4198299989E+05
  4.7374749499E+00  1.8000000000E+01  4.2769267358E+01  3.5499889893E+03  1.5183042820E+05
  4.7454909820E+00  1.8000000000E+01  4.4633146885E+01  3.6388008316E+03  1.6241113200E+05
  4.7535070140E+00  1.8000000000E+01  4.6572474538E+01  3.7313756032E+03  1.7377939527E+05
  4.7615230461E+00  1.8000000000E+01  4.8589482017E+01  3.8278458507E+03  1.8599304712E+05
  4.7695390782E+00  1.8000000000E+01  5.0686451482E+01  3.9283367951E+03  1.9911345237E+05
  4.7775551102E+00  1.8000000000E+01  5.2865725075E+01  4.0329632146E+03  2.1320552454E+05
  4.7855711423E+00  1.8000000000E+01  5.5129716539E+01  4.1418272458E+03  2.2833776201E+05
  4.7935871743E+00  1.8000000000E+01  5.7480924904E+01  4.2550154890E+03  2.4458222579E+05
  4.8016032064E+00  1.8000000000E+01  5.9921950538E+01  4.3725958943E+03  2.6201447490E+05
  4.8096192385E+00  1.8000000000E+01  6.2455513913E+01  4.4946136810E+03  2.8071340729E+05
  4.8176352705E+00  1.8000000000E+01  6.5084477788E+01  4.6210860097E+03  3.0076096975E+05
  4.8256513026E+00  1.8000000000E+01  6.7811873544E+01  4.7519956436E+03  3.2224172766E+05
  4.8336673347E+00  1.8000000000E+01  7.0640932226E+01  4.8872842108E+03  3.4524231270E+05
  4.8416833667E+00  1.8000000000E+01  7.3575121014E+01  5.0268439343E+03  3.6985065079E+05
  4.8496993988E+00  1.8000000000E+01  7.6618186315E+01  5.1705078374E+03  3.9615493283E+05
  4.8577154309E+00  1.8000000000E+01  7.9774202139E+01  5.3180469755E+03  4.2424295441E+05
  4.8657314629E+00  1.8000000000E+01  8.3047611128E+01  5.4692035509E+03  4.5420428967E+05
  4.8737474950E+00  1.8000000000E+01  8.6443245765E+01  5.6237284067E+03  4.8613333677E+05
  4.8817635271E+00  1.8000000000E+01  8.9966338119E+01  5.7813847626E+03  5.2013001635E+05
  4.8897795591E+00  1.8000000000E+01  9.3622531417E+01  5.9419416234E+03  5.5629961631E+05
  4.8977955912E+00  1.8000000000E+01  9.7417896967E+01  6.1051670257E+03  5.9475253228E+05
  4.9058116232E+00  1.8000000000E+01  1.0135895630E+02  6.2708232416E+03  6.3560409888E+05
  4.9138276553E+00  1.8000000000E+01  1.0545270067E+02  6.4386855027E+03  6.7897677500E+05
  4.9218436874E+00  1.8000000000E+01  1.0970659662E+02  6.6085717516E+03  7.2500391540E+05
  4.9298597194E+00  1.8000000000E+01  1.1412858012E+02  6.7803504671E+03  7.7383177151E+05
  4.9378757515E+00  1.8000000000E+01  1.1872704950E+02  6.9539364315E+03  8.2562035494E+05
  4.9458917836E+00  1.8000000000E+01  1.2351086079E+02  7.1292872070E+03  8.8054439975E+05
  4.9539078156E+00  1.8000000000E+01  1.2848932472E+02  7.3063999256E+03  9.3879439260E+05
  4.9619238477E+00  1.8000000000E+01  1.3367221201E+02  7.4852894465E+03  1.0005751978E+06
  4.9699398798E+00  1.8000000000E+01  1.3906978065E+02  7.6659475782E+03  1.0661016482E+06
  4.9779559118E+00  1.8000000000E+01  1.4469282801E+02  7.8483196708E+03  1.1355955683E+06
  4.9859719439E+00  1.8000000000E+01  1.5055275692E+02  8.0322996683E+03  1.2092848595E+06
  4.9939879760E+00  1.8000000000E+01  1.5666165076E+02  8.2177248955E+03  1.2874023477E+06
  5.0020040080E+00  1.8000000000E+01  1.6303235909E+02  8.4043698591E+03  1.3701842448E+06
  5.0100200401E+00  1.8000000000E+01  1.6967858702E+02  8.5919615948E+03  1.4578719031E+06
  5.0180360721E+00  1.8000000000E+01  1.7661496314E+02  8.7802376936E+03  1.5507213566E+06
  5.0260521042E+00  1.8000000000E+01  1.8385707342E+02  8.9689864160E+03  1.6490115940E+06
  5.0340681363E+00  1.8000000000E+01  1.9142148146E+02  9.1580442789E+03  1.7530464031E+06
  5.0420841683E+00  1.8000000000E+01  1.9932575261E+02  9.3472896507E+03  1.8631555445E+06
  5.0501002004E+00  1.8000000000E+01  2.0758848337E+02  9.5366372718E+03  1.9796960677E+06
  5.0581162325E+00  1.8000000000E+01  2.1622933338E+02  9.7260382253E+03  2.1030547619E+06
  5.0661322645E+00  1.8000000000E+01  2.2526904912E+02  9.9154979988E+03  2.2336548058E+06
  5.0741482966E+00  1.8000000000E+01  2.3472946869E+02  1.0105095480E+04  2.3719636929E+06
  5.0821643287E+00  1.8000000000E+01  2.4463351115E+02  1.0294986520E+04  2.5184986998E+06
  5.0901803607E+00  1.8000000000E+01  2.5500515623E+02  1.0485405812E+04  2.6738325471E+06
  5.0981963928E+00  1.8000000000E+01  2.6586941145E+02  1.0676672093E+04  2.8386005257E+06
  5.1062124248E+00  1.8000000000E+01  2.7725226472E+02  1.0869190374E+04  3.0135076470E+06
  5.1142284569E+00  1.8000000000E+01  2.8918064785E+02  1.1063406583E+04  3.1993230831E+06
  5.1222444890E+00  1.8000000000E+01  3.0168244958E+02  1.1259745780E+04  3.3968676886E+06
  5.1302605210E+00  1.8000000000E+01  3.1478656822E+02  1.1458599579E+04  3.6070132379E+06
  5.1382765531E+00  1.8000000000E+01  3.2852296918E+02  1.1660336294E+04  3.8306883009E+06
  5.1462925852E+00  1.8000000000E+01  3.4292273506E+02  1.1865310162E+04  4.0688846131E+06
  5.1543086172E+00  1.8000000000E+01  3.5801810825E+02  1.2073869274E+04  4.3226638367E+06
  5.1623246493E+00  1.8000000000E+01  3.7384253497E+02  1.2286348930E+04  4.5931598296E+06
  5.1703406814E+00  1.8000000000E+01  3.9043072980E+02  1.2503051326E+04  4.8815754539E+06
  5.1783567134E+00  1.8000000000E+01  4.0781876572E+02  1.2724236609E+04  5.1891824686E+06
  5.1863727455E+00  1.8000000000E+01  4.2604417799E+02  1.2950124711E+04  5.5173252375E+06
  5.1943887776E+00  1.8000000000E+01  4.4514607656E+02  1.3180896135E+04  5.8674242002E+06
  5.2024048096E+00  1.8000000000E+01  4.6516526912E+02  1.3416691648E+04  6.2409789812E+06
  5.2104208417E+00  1.8000000000E+01  4.8614439476E+02  1.3657613935E+04  6.6395724604E+06
  5.2184368737E+00  1.8000000000E+01  5.0812806345E+02  1.3903734093E+04  7.0648774794E+06
  5.2264529058E+00  1.8000000000E+01  5.3116299988E+02  1.4155094862E+04  7.5186626504E+06
  5.2344689379E+00  1.8000000000E+01  5.5529819897E+02  1.4411707702E+04  8.0027953309E+06
  5.2424849699E+00  1.8000000000E+01  5.8058510025E+02  1.4673548641E+04  8.5192437087E+06
  5.2505010020E+00  1.8000000000E+01  6.0707778514E+02  1.4940553036E+04  9.0700778455E+06
  5.2585170341E+00  1.8000000000E+01  6.3483319350E+02  1.5212617691E+04  9.6574746703E+06
  5.2665330661E+00  1.8000000000E+01  6.6391132773E+02  1.5489630949E+04  1.0283741449E+07
  5.2745490982E+00  1.8000000000E+01  6.9437541422E+02  1.5771501803E+04  1.0951343098E+07
  5.2825651303E+00  1.8000000000E+01  7.2629204128E+02  1.6058162556E+04  1.1662915662E+07
  5.2905811623E+00  1.8000000000E+01  7.5973130108E+02  1.6349566072E+04  1.2421277104E+07
  5.2985971944E+00  1.8000000000E+01  7.9476694063E+02  1.6645683607E+04  1.3229439035E+07
  5.3066132265E+00  1.8000000000E+01  8.3147652334E+02  1.6946501522E+04  1.4090618168E+07
  5.3146292585E+00  1.8000000000E+01  8.6994161222E+02  1.7252010470E+04  1.5008241802E+07
  5.3226452906E+00  1.8000000000E+01  9.1024798933E+02  1.7562191771E+04  1.5985949748E+07
  5.3306613226E+00  1.8000000000E+01  9.5248591147E+02  1.7877011038E+04  1.7027601153E+07
  5.3386773547E+00  1.8000000000E+01  9.9675039488E+02  1.8196414540E+04  1.8137283378E+07
  5.3466933868E+00  1.8000000000E+01  1.0431415299E+03  1.8520324712E+04  1.9319319855E+07
  5.3547094188E+00  1.8000000000E+01  1.0917648322E+03  1.8848633982E+04  2.0578275716E+07
  5.3627254509E+00  1.8000000000E+01  1.1427316658E+03  1.9181177397E+04  2.1918938798E+07
  5.3707414830E+00  1.8000000000E+01  1.1961598004E+03  1.9517688550E+04  2.3346274441E+07
  5.3787575150E+00  1.8000000000E+01  1.2521741246E+03  1.9857771786E+04  2.4865388001E+07
  5.3867735471E+00  1.8000000000E+01  1.3109074941E+03  2.0200887408E+04  2.6481494690E+07
  5.3947895792E+00  1.8000000000E+01  1.3725017205E+03  2.0546335252E+04  2.8199880483E+07
  5.4028056112E+00  1.8000000000E+01  1.4371087208E+03  2.0893237359E+04  3.0025853614E+07
  5.4108216433E+00  1.8000000000E+01  1.5048917828E+03  2.1240564056E+04  3.1964750310E+07
  5.4188376754E+00  1.8000000000E+01  1.5760267818E+03  2.1587223970E+04  3.4022043121E+07
  5.4268537074E+00  1.8000000000E+01  1.6507032911E+03  2.1932113351E+04  3.6203411689E+07
  5.4348697395E+00  1.8000000000E+01  1.7291257471E+03  2.2274100475E+04  3.8514720624E+07
  5.4428857715E+00  1.8000000000E+01  1.8115147933E+03  2.2612006018E+04  4.0961983407E+07
  5.4509018036E+00  1.8000000000E+01  1.8981088399E+03  2.2944584687E+04  4.3551319022E+07
  5.4589178357E+00  1.8000000000E+01  1.9891657332E+03  2.3270574726E+04  4.6289029837E+07
  5.4669338677E+00  1.8000000000E+01  2.0849640406E+03  2.3588924587E+04  4.9182059520E+07
  5.4749498998E+00  1.8000000000E+01  2.1858035935E+03  2.3898964329E+04  5.2238442113E+07
  5.4829659319E+00  1.8000000000E+01  2.2920056545E+03  2.4200380800E+04  5.5467409634E+07
  5.4909819639E+00  1.8000000000E+01  2.4039131129E+03  2.4493164312E+04  5.8879438866E+07
  5.4989979960E+00  1.8000000000E+01  2.5218907504E+03  2.4777564491E+04  6.2486310708E+07
  5.5070140281E+00  1.8000000000E+01  2.6463255565E+03  2.5054049894E+04  6.6301172529E+07
  5.5150300601E+00  1.8000000000E+01  2.7776271511E+03  2.5323245530E+04  7.0338534340E+07
  5.5230460922E+00  1.8000000000E+01  2.9162283852E+03  2.5585877052E+04  7.4614260921E+07
  5.5310621242E+00  1.8000000000E+01  3.0625860187E+03  2.5842760465E+04  7.9145676885E+07
  5.5390781563E+00  1.8000000000E+01  3.2171813067E+03  2.6094811264E+04  8.3951739002E+07
  5.5470941884E+00  1.8000000000E+01  3.3805203965E+03  2.6343059239E+04  8.9053249063E+07
  5.5551102204E+00  1.8000000000E+01  3.5531344686E+03  2.6588663483E+04  9.4473096695E+07
  5.5631262525E+00  1.8000000000E+01  3.7355799122E+03  2.6832828607E+04  1.0023617553E+08
  5.5711422846E+00  1.8000000000E+01  3.9284391148E+03  2.7076665842E+04  1.0636903319E+08
  5.5791583166E+00  1.8000000000E+01  4.1323218603E+03  2.7321161367E+04  1.1289983236E+08
  5.5871743487E+00  1.8000000000E+01  4.3478668308E+03  2.7567212535E+04  1.1985856900E+08
  5.5951903808E+00  1.8000000000E+01  4.5757429713E+03  2.7815660608E+04  1.2727731352E+08
  5.6032064128E+00  1.8000000000E+01  4.8166506946E+03  2.8067318651E+04  1.3519046988E+08
  5.6112224449E+00  1.8000000000E+01  5.0713230134E+03  2.8322972620E+04  1.4363494286E+08
  5.6192384770E+00  1.8000000000E+01  5.3405268671E+03  2.8583347010E+04  1.5265013266E+08
  5.6272545090E+00  1.8000000000E+01  5.6250647787E+03  2.8849087657E+04  1.6227798688E+08
  5.6352705411E+00  1.8000000000E+01  5.9257766942E+03  2.9120771736E+04  1.7256319047E+08
  5.6432865731E+00  1.8000000000E+01  6.2435418939E+03  2.9398916561E+04  1.8355336718E+08
  5.6513026052E+00  1.8000000000E+01  6.5792809908E+03  2.9683985980E+04  1.9529928469E+08
  5.6593186373E+00  1.8000000000E+01  6.9339580444E+03  2.9976393677E+04  2.0785505608E+08
  5.6673346693E+00  1.8000000000E+01  7.3085828450E+03  3.0276501193E+04  2.2127831723E+08
  5.6753507014E+00  1.8000000000E+01  7.7042134239E+03  3.0584614970E+04  2.3563040122E+08
  5.6833667335E+00  1.8000000000E+01  8.1219588210E+03  3.0900984055E+04  2.5097652002E+08
  5.6913827655E+00  1.8000000000E+01  8.5629821485E+03  3.1225795857E+04  2.6738593249E+08
  5.6993987976E+00  1.8000000000E+01  9.0285040116E+03  3.1559170385E+04  2.8493209642E+08
  5.7074148297E+00  1.8000000000E+01  9.5198063248E+03  3.1901156936E+04  3.0369283557E+08
  5.7154308617E+00  1.8000000000E+01  1.0038236362E+04  3.2251753677E+04  3.2375072649E+08
  5.7234468938E+00  1.8000000000E+01  1.0585210817E+04  3.2610930729E+04  3.4519357671E+08
  5.7314629259E+00  1.8000000000E+01  1.1162219990E+04  3.2978630914E+04  3.6811473322E+08
  5.7394789579E+00  1.8000000000E+01  1.1770832328E+04  3.3354762998E+04  3.9261332259E+08
  5.7474949900E+00  1.8000000000E+01  1.2412699464E+04  3.3739193711E+04  4.1879447169E+08
  5.7555110220E+00  1.8000000000E+01  1.3089561775E+04  3.4131741894E+04  4.4676954402E+08
  5.7635270541E+00  1.8000000000E+01  1.3803254145E+04  3.4532209461E+04  4.7665686336E+08
  5.7715430862E+00  1.8000000000E+01  1.4555711235E+04  3.4940434471E+04  5.0858287459E+08
  5.7795591182E+00  1.8000000000E+01  1.5348972234E+04  3.5356311176E+04  5.4268303852E+08
  5.7875751503E+00  1.8000000000E+01  1.6185185501E+04  3.5779788969E+04  5.7910252163E+08
  5.7955911824E+00  1.8000000000E+01  1.7066613308E+04  3.6210872049E+04  6.1799695082E+08
  5.8036072144E+00  1.8000000000E+01  1.7995636644E+04  3.6649620226E+04  6.5953324874E+08
  5.8116232465E+00  1.8000000000E+01  1.8974760124E+04  3.7096143905E+04  7.0389043213E+08
  5.8196392786E+00  1.8000000000E+01  2.0006617201E+04  3.7550591815E+04  7.5126031614E+08
  5.8276553106E+00  1.8000000000E+01  2.1093975711E+04  3.8013145856E+04  8.0184837536E+08
  5.8356713427E+00  1.8000000000E+01  2.2239743568E+04  3.8484024337E+04  8.5587483271E+08
  5.8436873747E+00  1.8000000000E+01  2.3446974476E+04  3.8963486685E+04  9.1357587779E+08
  5.8517034068E+00  1.8000000000E+01  2.4718873547E+04  3.9451839558E+04  9.7520503323E+08
  5.8597194389E+00  1.8000000000E+01  2.6058803006E+04  3.9949429824E+04  1.0410343220E+09
  5.8677354709E+00  1.8000000000E+01  2.7470288732E+04  4.0456606160E+04  1.1113546523E+09
  5.8757515030E+00  1.8000000000E+01  2.8957028253E+04  4.0973688809E+04  1.1864762645E+09
  5.8837675351E+00  1.8000000000E+01  3.0522899763E+04  4.1500967933E+04  1.2667298843E+09
  5.8917835671E+00  1.8000000000E+01  3.2171971741E+04  4.2038704928E+04  1.3524680270E+09
  5.8997995992E+00  1.8000000000E+01  3.3908513156E+04  4.2587132872E+04  1.4440663553E+09
  5.9078156313E+00  1.8000000000E+01  3.5737004360E+04  4.3146455240E+04  1.5419250590E+09
  5.9158316633E+00  1.8000000000E+01  3.7662148938E+04  4.3716836472E+04  1.6464700063E+09
  5.9238476954E+00  1.8000000000E+01  3.9688886844E+04  4.4298390877E+04  1.7581538229E+09
  5.9318637275E+00  1.8000000000E+01  4.1822408906E+04  4.4891176542E+04  1.8774571416E+09
  5.9398797595E+00  1.8000000000E+01  4.4068172764E+04  4.5495188528E+04  2.0048898280E+09
  5.9478957916E+00  1.8000000000E+01  4.6431920452E+04  4.6110350747E+04  2.1409921379E+09
  5.9559118236E+00  1.8000000000E+01  4.8919697825E+04  4.6736508492E+04  2.2863358729E+09
  5.9639278557E+00  1.8000000000E+01  5.1537875293E+04  4.7373446548E+04  2.4415267804E+09
  5.9719438878E+00  1.8000000000E+01  5.4293168874E+04  4.8020918487E+04  2.6072078369E+09
  5.9799599198E+00  1.8000000000E+01  5.7192661853E+04  4.8678649782E+04  2.7840615565E+09
  5.9879759519E+00  1.8000000000E+01  6.0243828188E+04  4.9346326924E+04  2.9728116410E+09
  5.9959919840E+00  1.8000000000E+01  6.3454558333E+04  5.0023584843E+04  3.1742244825E+09
  6.0040080160E+00  1.8000000000E+01  6.6833187812E+04  5.0709994625E+04  3.3891105947E+09
  6.0120240481E+00  1.8000000000E+01  7.0388527351E+04  5.1405094432E+04  3.6183288954E+09
  6.0200400802E+00  1.8000000000E+01  7.4129891477E+04  5.2108463346E+04  3.8627947329E+09
  6.0280561122E+00  1.8000000000E+01  7.8067124801E+04  5.2819756340E+04  4.1234865102E+09
  6.0360721443E+00  1.8000000000E+01  8.2210628292E+04  5.3538697763E+04  4.4014499811E+09
  6.0440881764E+00  1.8000000000E+01  8.6571387023E+04  5.4265073921E+04  4.6978027163E+09
  6.0521042084E+00  1.8000000000E+01  9.1160999471E+04  5.4998726913E+04  5.0137389151E+09
  6.0601202405E+00  1.8000000000E+01  9.5991708553E+04  5.5739546868E+04  5.3505343378E+09
  6.0681362725E+00  1.8000000000E+01  1.0107643471E+05  5.6487461656E+04  5.7095512302E+09
  6.0761523046E+00  1.8000000000E+01  1.0642881130E+05  5.7242428718E+04  6.0922436443E+09
  6.0841683367E+00  1.8000000000E+01  1.1206322214E+05  5.8004431253E+04  6.5001634648E+09
  6.0921843687E+00  1.8000000000E+01  1.1799484124E+05  5.8773476196E+04  6.9349669929E+09
  6.1002004008E+00  1.8000000000E+01  1.2423967459E+05  5.9549591650E+04  7.3984218882E+09
  6.1082164329E+00  1.8000000000E+01  1.3081460458E+05  6.0332819753E+04  7.8924139591E+09
  6.1162324649E+00  1.8000000000E+01  1.3773743883E+05  6.1123186865E+04  8.4189512122E+09
  6.1242484970E+00  1.8000000000E+01  1.4502696527E+05  6.1920673305E+04  8.9801673370E+09
  6.1322645291E+00  1.8000000000E+01  1.5270301325E+05  6.2725204286E+04  9.5783277014E+09
  6.1402805611E+00  1.8000000000E+01  1.6078652001E+05  6.3536643852E+04  1.0215835858E+10
  6.1482965932E+00  1.8000000000E+01  1.6929960288E+05  6.4354787541E+04  1.0895239974E+10
  6.1563126253E+00  1.8000000000E+01  1.7826563799E+05  6.5179354756E+04  1.1619239259E+10
  6.1643286573E+00  1.8000000000E+01  1.8770934496E+05  6.6009997468E+04  1.2390693386E+10
  6.1723446894E+00  1.8000000000E+01  1.9765687666E+05  6.6846312196E+04  1.3212633285E+10
  6.1803607214E+00  1.8000000000E+01  2.0813591535E+05  6.7687833849E+04  1.4088269256E+10
  6.1883767535E+00  1.8000000000E+01  2.1917577780E+05  6.8534021972E+04  1.5020997571E+10
  6.1963927856E+00  1.8000000000E+01  2.3080753126E+05  6.9384243481E+04  1.6014405946E+10
  6.2044088176E+00  1.8000000000E+01  2.4306412191E+05  7.0237756480E+04  1.7072278604E+10
  6.2124248497E+00  1.8000000000E+01  2.5598051484E+05  7.1093719698E+04  1.8198606970E+10
  6.2204408818E+00  1.8000000000E+01  2.6959384214E+05  7.1951224443E+04  1.9397607044E+10
  6.2284569138E+00  1.8000000000E+01  2.8394356016E+05  7.2809296615E+04  2.0673730894E+10
  6.2364729459E+00  1.8000000000E+01  2.9907162206E+05  7.3666872405E+04  2.2031671022E+10
  6.2444889780E+00  1.8000000000E+01  3.1502267017E+05  7.4522774082E+04  2.3476363279E+10
  6.2525050100E+00  1.8000000000E+01  3.3184425138E+05  7.5375681651E+04  2.5012986650E+10
  6.2605210421E+00  1.8000000000E+01  3.4958705324E+05  7.6224155357E+04  2.6646977857E+10
  6.2685370741E+00  1.8000000000E+01  3.6830514765E+05  7.7066732116E+04  2.8384074151E+10
  6.2765531062E+00  1.8000000000E+01  3.8805623752E+05  7.7901975901E+04  3.0230347664E+10
  6.2845691383E+00  1.8000000000E+01  4.0890192016E+05  7.8728450812E+04  3.2192214708E+10
  6.2925851703E+00  1.8000000000E+01  4.3090797986E+05  7.9544686856E+04  3.4276440322E+10
  6.3006012024E+00  1.8000000000E+01  4.5414471464E+05  8.0349148147E+04  3.6490140957E+10
  6.3086172345E+00  1.8000000000E+01  4.7868729265E+05  8.1140258238E+04  3.8840810541E+10
  6.3166332665E+00  1.8000000000E+01  5.0461610192E+05  8.1916614810E+04  4.1336442848E+10
  6.3246492986E+00  1.8000000000E+01  5.3201706210E+05  8.2677162318E+04  4.3985660999E+10
  6.3326653307E+00  1.8000000000E+01  5.6098192427E+05  8.3421166912E+04  4.6797766739E+10
  6.3406813627E+00  1.8000000000E+01  5.9160859132E+05  8.4148165995E+04  4.9782777946E+10
  6.3486973948E+00  1.8000000000E+01  6.2400146544E+05  8.4857918527E+04  5.2951465514E+10
  6.3567134269E+00  1.8000000000E+01  6.5827182305E+05  8.5550371885E+04  5.6315399263E+10
  6.3647294589E+00  1.8000000000E+01  6.9453821208E+05  8.6225653088E+04  5.9887010931E+10
  6.3727454910E+00  1.8000000000E+01  7.3292686607E+05  8.6884067010E+04  6.3679666945E+10
  6.3807615230E+00  1.8000000000E+01  7.7357213645E+05  8.7526081897E+04  6.7707738168E+10
  6.3887775551E+00  1.8000000000E+01  8.1661694755E+05  8.8152308022E+04  7.1986668696E+10
  6.3967935872E+00  1.8000000000E+01  8.6221327528E+05  8.8763484333E+04  7.6533054552E+10
  6.4048096192E+00  1.8000000000E+01  9.1052264892E+05  8.9360464927E+04  8.1364727234E+10
  6.4128256513E+00  1.8000000000E+01  9.6171668618E+05  8.9944174126E+04  8.6500813082E+10
  6.4208416834E+00  1.8000000000E+01  1.0159776820E+06  9.0515538298E+04  9.1961766789E+10
  6.4288577154E+00  1.8000000000E+01  1.0734992533E+06  9.1075464968E+04  9.7769443639E+10
  6.4368737475E+00  1.8000000000E+01  1.1344870197E+06  9.1624860844E+04  1.0394721531E+11
  6.4448897796E+00  1.8000000000E+01  1.1991593121E+06  9.2164644627E+04  1.1052009185E+11
  6.4529058116E+00  1.8000000000E+01  1.2677479060E+06  9.2695765337E+04  1.1751486240E+11
  6.4609218437E+00  1.8000000000E+01  1.3404987865E+06  9.3219194139E+04  1.2496021662E+11
  6.4689378758E+00  1.8000000000E+01  1.4176729701E+06  9.3735880858E+04  1.3288682462E+11
  6.4769539078E+00  1.8000000000E+01  1.4995473926E+06  9.4246740477E+04  1.4132745395E+11
  6.4849699399E+00  1.8000000000E+01  1.5864158438E+06  9.4752674802E+04  1.5031714455E+11
  6.4929859719E+00  1.8000000000E+01  1.6785899301E+06  9.5254597510E+04  1.5989340818E+11
  6.5010020040E+00  1.8000000000E+01  1.7764000622E+06  9.5753457600E+04  1.7009644804E+11
  6.5090180361E+00  1.8000000000E+01  1.8801964698E+06  9.6250244968E+04  1.8096937081E+11
  6.5170340681E+00  1.8000000000E+01  1.9903502855E+06  9.6745936660E+04  1.9255830265E+11
  6.5250501002E+00  1.8000000000E+01  2.1072547339E+06  9.7241454798E+04  2.0491251595E+11
  6.5330661323E+00  1.8000000000E+01  2.2313263985E+06  9.7737686419E+04  2.1808467984E+11
  6.5410821643E+00  1.8000000000E+01  2.3630065307E+06  9.8235510622E+04  2.3213115314E+11
  6.5490981964E+00  1.8000000000E+01  2.5027623865E+06  9.8735826053E+04  2.4711231164E+11
  6.5571142285E+00  1.8000000000E+01  2.6510885926E+06  9.9239568652E+04  2.6309288838E+11
  6.5651302605E+00  1.8000000000E+01  2.8085085793E+06  9.9747676906E+04  2.8014220636E+11
  6.5731462926E+00  1.8000000000E+01  2.9755761397E+06  1.0026104596E+05  2.9833437611E+11
  6.5811623246E+00  1.8000000000E+01  3.1528771012E+06  1.0078053264E+05  3.1774863362E+11
  6.5891783567E+00  1.8000000000E+01  3.3410310616E+06  1.0130697919E+05  3.3846976422E+11
  6.5971943888E+00  1.8000000000E+01  3.5406931694E+06  1.0184123540E+05  3.6058856654E+11
  6.6052104208E+00  1.8000000000E+01  3.7525559415E+06  1.0238417927E+05  3.8420236024E+11
  6.6132264529E+00  1.8000000000E+01  3.9773511500E+06  1.0293670198E+05  4.0941541000E+11
  6.6212424850E+00  1.8000000000E+01  4.2158518427E+06  1.0349966910E+05  4.3633927070E+11
  6.6292585170E+00  1.8000000000E+01  4.4688745118E+06  1.0407391392E+05  4.6509326126E+11
  6.6372745491E+00  1.8000000000E+01  4.7372813589E+06  1.0466025290E+05  4.9580506507E+11
  6.6452905812E+00  1.8000000000E+01  5.0219826314E+06  1.0525950134E+05  5.2861138753E+11
  6.6533066132E+00  1.8000000000E+01  5.3239390236E+06  1.0587248869E+05  5.6365867406E+11
  6.6613226453E+00  1.8000000000E+01  5.6441641580E+06  1.0650005602E+05  6.0110379903E+11
  6.6693386774E+00  1.8000000000E+01  5.9837272143E+06  1.0714302987E+05  6.4111466364E+11
  6.6773547094E+00  1.8000000000E+01  6.3437557367E+06  1.0780220893E+05  6.8387088131E+11
  6.6853707415E+00  1.8000000000E+01  6.7254385883E+06  1.0847837136E+05  7.2956462476E+11
  6.6933867735E+00  1.8000000000E+01  7.1300290225E+06  1.0917228347E+05  7.7840154961E+11
  6.7014028056E+00  1.8000000000E+01  7.5588478693E+06  1.0988470728E+05  8.3060178546E+11
  6.7094188377E+00  1.8000000000E+01  8.0132868471E+06  1.1061640337E+05  8.8640097019E+11
  6.7174348697E+00  1.8000000000E+01  8.4948120402E+06  1.1136812057E+05  9.4605125150E+11
  6.7254509018E+00  1.8000000000E+01  9.0049675807E+06  1.1214058623E+05  1.0098223435E+12
  6.7334669339E+00  1.8000000000E+01  9.5453795277E+06  1.1293450798E+05  1.0780027404E+12
  6.7414829659E+00  1.8000000000E+01  1.0117759931E+07  1.1375057614E+05  1.1509010213E+12
  6.7494989980E+00  1.8000000000E+01  1.0723911080E+07  1.1458946628E+05  1.2288472470E+12
  6.7575150301E+00  1.8000000000E+01  1.1365729961E+07  1.1545183944E+05  1.3121944306E+12
  6.7655310621E+00  1.8000000000E+01  1.2045212941E+07  1.1633833854E+05  1.4013200608E+12
  6.7735470942E+00  1.8000000000E+01  1.2764460711E+07  1.1724958350E+05  1.4966277019E+12
  6.7815631263E+00  1.8000000000E+01  1.3525683517E+07  1.1818616794E+05  1.5985487037E+12
  6.7895791583E+00  1.8000000000E+01  1.4331206678E+07  1.1914865752E+05  1.7075440363E+12
  6.7975951904E+00  1.8000000000E+01  1.5183476423E+07  1.2013758551E+05  1.8241061970E+12
  6.8056112224E+00  1.8000000000E+01  1.6085066091E+07  1.2115344849E+05  1.9487612262E+12
  6.8136272545E+00  1.8000000000E+01  1.7038682704E+07  1.2219670246E+05  2.0820708407E+12
  6.8216432866E+00  1.8000000000E+01  1.8047173953E+07  1.2326775828E+05  2.2246346766E+12
  6.8296593186E+00  1.8000000000E+01  1.9113535657E+07  1.2436697487E+05  2.3770926088E+12
  6.8376753507E+00  1.8000000000E+01  2.0240919746E+07  1.2549464799E+05  2.5401270985E+12
  6.8456913828E+00  1.8000000000E+01  2.1432642856E+07  1.2665099861E+05  2.7144656206E+12
  6.8537074148E+00  1.8000000000E+01  2.2692195628E+07  1.2783615778E+05  2.9008831006E+12
  6.8617234469E+00  1.8000000000E+01  2.4023252694E+07  1.2905016926E+05  3.1002048265E+12
  6.8697394790E+00  1.8000000000E+01  2.5429683221E+07  1.3029301308E+05  3.3133100486E+12
  6.8777555110E+00  1.8000000000E+01  2.6915562010E+07  1.3156461014E+05  3.5411354227E+12
  6.8857715431E+00  1.8000000000E+01  2.8485181402E+07  1.3286480561E+05  3.7846780899E+12
  6.8937875752E+00  1.8000000000E+01  3.0143064215E+07  1.3419334816E+05  4.0449987108E+12
  6.9018036072E+00  1.8000000000E+01  3.1893977870E+07  1.3554986689E+05  4.3232244549E+12
  6.9098196393E+00  1.8000000000E+01  3.3742949755E+07  1.3693386548E+05  4.6205525428E+12
  6.9178356713E+00  1.8000000000E+01  3.5695283521E+07  1.3834475998E+05  4.9382554310E+12
  6.9258517034E+00  1.8000000000E+01  3.7756576118E+07  1.3978190283E+05  5.2776860542E+12
  6.9338677355E+00  1.8000000000E+01  3.9932736025E+07  1.4124456135E+05  5.6402817833E+12
  6.9418837675E+00  1.8000000000E+01  4.2230003162E+07  1.4273188813E+05  6.0275680869E+12
  6.9498997996E+00  1.8000000000E+01  4.4654970807E+07  1.4424288804E+05  6.4411619548E+12
  6.9579158317E+00  1.8000000000E+01  4.7214609656E+07  1.4577640024E+05  6.8827758343E+12
  6.9659318637E+00  1.8000000000E+01  4.9916293431E+07  1.4733115631E+05  7.3542252298E+12
  6.9739478958E+00  1.8000000000E+01  5.2767825357E+07  1.4890584148E+05  7.8574374378E+12
  6.9819639279E+00  1.8000000000E+01  5.5777466125E+07  1.5049907899E+05  8.3944572803E+12
  6.9899799599E+00  1.8000000000E+01  5.8953964406E+07  1.5210939203E+05  8.9674516834E+12
  6.9979959920E+00  1.8000000000E+01  6.2306590505E+07  1.5373516138E+05  9.5787137464E+12
  7.0060120240E+00  1.8000000000E+01  6.5845173516E+07  1.5537459220E+05  1.0230666983E+13
  7.0140280561E+00  1.8000000000E+01  6.9580141302E+07  1.5702576460E+05  1.0925874889E+13
  7.0220440882E+00  1.8000000000E+01  7.3522562049E+07  1.5868671805E+05  1.1667054074E+13
  7.0300601202E+00  1.8000000000E+01  7.7684187940E+07  1.6035545111E+05  1.2457083001E+13
  7.0380761523E+00  1.8000000000E+01  8.2077502762E+07  1.6202987087E+05  1.3299007174E+13
  7.0460921844E+00  1.8000000000E+01  8.6715774552E+07  1.6370774487E+05  1.4196043896E+13
  7.0541082164E+00  1.8000000000E+01  9.1613113936E+07  1.6538665369E+05  1.5151586348E+13
  7.0621242485E+00  1.8000000000E+01  9.6784536846E+07  1.6706407364E+05  1.6169218991E+13
  7.0701402806E+00  1.8000000000E+01  1.0224602781E+08  1.6873758322E+05  1.7252747626E+13
  7.0781563126E+00  1.8000000000E+01  1.0801460328E+08  1.7040493613E+05  1.8406221572E+13
  7.0861723447E+00  1.8000000000E+01  1.1410837863E+08  1.7206400955E+05  1.9633945150E+13
  7.0941883768E+00  1.8000000000E+01  1.2054664152E+08  1.7371274491E+05  2.0940487988E+13
  7.1022044088E+00  1.8000000000E+01  1.2734993226E+08  1.7534909844E+05  2.2330695809E+13
  7.1102204409E+00  1.8000000000E+01  1.3454013011E+08  1.7697108308E+05  2.3809712544E+13
  7.1182364729E+00  1.8000000000E+01  1.4214054050E+08  1.7857697183E+05  2.5383027297E+13
  7.1262525050E+00  1.8000000000E+01  1.5017598039E+08  1.8016542592E+05  2.7056519470E+13
  7.1342685371E+00  1.8000000000E+01  1.5867286566E+08  1.8173545182E+05  2.8836484932E+13
  7.1422845691E+00  1.8000000000E+01  1.6765930440E+08  1.8328635104E+05  3.0729662121E+13
  7.1503006012E+00  1.8000000000E+01  1.7716519678E+08  1.8481767186E+05  3.2743259204E+13
  7.1583166333E+00  1.8000000000E+01  1.8722234139E+08  1.8632918659E+05  3.4884986582E+13
  7.1663326653E+00  1.8000000000E+01  1.9786454690E+08  1.8782090442E+05  3.7163098151E+13
  7.1743486974E+00  1.8000000000E+01  2.0912774828E+08  1.8929308270E+05  3.9586436150E+13
  7.1823647295E+00  1.8000000000E+01  2.2105012788E+08  1.9074621937E+05  4.2164476186E+13
  7.1903807615E+00  1.8000000000E+01  2.3367224243E+08  1.9218103320E+05  4.4907372980E+13
  7.1983967936E+00  1.8000000000E+01  2.4703715588E+08  1.9359846191E+05  4.7826013412E+13
  7.2064128257E+00  1.8000000000E+01  2.6119057795E+08  1.9499965232E+05  5.0932071889E+13
  7.2144288577E+00  1.8000000000E+01  2.7618101175E+08  1.9638586987E+05  5.4238048235E+13
  7.2224448898E+00  1.8000000000E+01  2.9205991505E+08  1.9775840137E+05  5.7757301904E+13
  7.2304609218E+00  1.8000000000E+01  3.0888187418E+08  1.9911854253E+05  6.1504108601E+13
  7.2384769539E+00  1.8000000000E+01  3.2670478654E+08  2.0046762654E+05  6.5493733135E+13
  7.2464929860E+00  1.8000000000E+01  3.4559005029E+08  2.0180704997E+05  6.9742508549E+13
  7.2545090180E+00  1.8000000000E+01  3.6560276072E+08  2.0313830310E+05  7.4267924421E+13
  7.2625250501E+00  1.8000000000E+01  3.8681191655E+08  2.0446292312E+05  7.9088695153E+13
  7.2705410822E+00  1.8000000000E+01  4.0929064426E+08  2.0578238825E+05  8.4224806263E+13
  7.2785571142E+00  1.8000000000E+01  4.3311644155E+08  2.0709809620E+05  8.9697590481E+13
  7.2865731463E+00  1.8000000000E+01  4.5837143453E+08  2.0841139732E+05  9.5529831159E+13
  7.2945891784E+00  1.8000000000E+01  4.8514264528E+08  2.0972363472E+05  1.0174587893E+14
  7.3026052104E+00  1.8000000000E+01  5.1352226925E+08  2.1103618123E+05  1.0837177868E+14
  7.3106212425E+00  1.8000000000E+01  5.4360796477E+08  2.1235043275E+05  1.1543538656E+14
  7.3186372745E+00  1.8000000000E+01  5.7550316246E+08  2.1366774341E+05  1.2296646205E+14
  7.3266533066E+00  1.8000000000E+01  6.0931739880E+08  2.1498939135E+05  1.3099677671E+14
  7.3346693387E+00  1.8000000000E+01  6.4516666918E+08  2.1631660890E+05  1.3956026605E+14
  7.3426853707E+00  1.8000000000E+01  6.8317379601E+08  2.1765061481E+05  1.4869319672E+14
  7.3507014028E+00  1.8000000000E+01  7.2346881102E+08  2.1899264992E+05  1.5843435206E+14
  7.3587174349E+00  1.8000000000E+01  7.6618935248E+08  2.2034399029E+05  1.6882521924E+14
  7.3667334669E+00  1.8000000000E+01  8.1148108643E+08  2.2170589343E+05  1.7991013927E+14
  7.3747494990E+00  1.8000000000E+01  8.5949815963E+08  2.2307955531E+05  1.9173646724E+14
  7.3827655311E+00  1.8000000000E+01  9.1040368052E+08  2.2446612628E+05  2.0435478752E+14
  7.3907815631E+00  1.8000000000E+01  9.6437022228E+08  2.2586674016E+05  2.1781915841E+14
  7.3987975952E+00  1.8000000000E+01  1.0215803462E+09  2.2728254191E+05  2.3218737784E+14
  7.4068136273E+00  1.8000000000E+01  1.0822271457E+09  2.2871470927E+05  2.4752126699E+14
  7.4148296593E+00  1.8000000000E+01  1.1465148185E+09  2.3016442470E+05  2.6388692361E+14
  7.4228456914E+00  1.8000000000E+01  1.2146592774E+09  2.3163283194E+05  2.8135496827E+14
  7.4308617234E+00  1.8000000000E+01  1.2868887988E+09  2.3312104287E+05  3.0000085882E+14
  7.4388777555E+00  1.8000000000E+01  1.3634447019E+09  2.3463015972E+05  3.1990524817E+14
  7.4468937876E+00  1.8000000000E+01  1.4445820563E+09  2.3616129942E+05  3.4115437553E+14
  7.4549098196E+00  1.8000000000E+01  1.5305704167E+09  2.3771561519E+05  3.6384048819E+14
  7.4629258517E+00  1.8000000000E+01  1.6216945924E+09  2.3929428206E+05  3.8806224322E+14
  7.4709418838E+00  1.8000000000E+01  1.7182554645E+09  2.4089845671E+05  4.1392508964E+14
  7.4789579158E+00  1.8000000000E+01  1.8205708540E+09  2.4252926902E+05  4.4154171842E+14
  7.4869739479E+00  1.8000000000E+01  1.9289764334E+09  2.4418784192E+05  4.7103259238E+14
  7.4949899800E+00  1.8000000000E+01  2.0438266763E+09  2.4587531037E+05  5.0252651837E+14
  7.5030060120E+00  1.8000000000E+01  2.1654958451E+09  2.4759284164E+05  5.3616126984E+14
  7.5110220441E+00  1.8000000000E+01  2.2943790214E+09  2.4934163347E+05  5.7208421299E+14
  7.5190380762E+00  1.8000000000E+01  2.4308931948E+09  2.5112287963E+05  6.1045289915E+14
  7.5270541082E+00  1.8000000000E+01  2.5754784190E+09  2.5293775299E+05  6.5143572418E+14
  7.5350701403E+00  1.8000000000E+01  2.7285990277E+09  2.5478741933E+05  6.9521270463E+14
  7.5430861723E+00  1.8000000000E+01  2.8907449025E+09  2.5667305434E+05  7.4197632344E+14
  7.5511022044E+00  1.8000000000E+01  3.0624327933E+09  2.5859585995E+05  7.9193244170E+14
  7.5591182365E+00  1.8000000000E+01  3.2442076931E+09  2.6055707125E+05  8.4530125504E+14
  7.5671342685E+00  1.8000000000E+01  3.4366442839E+09  2.6255793217E+05  9.0231821679E+14
  7.5751503006E+00  1.8000000000E+01  3.6403484677E+09  2.6459967621E+05  9.6323502584E+14
  7.5831663327E+00  1.8000000000E+01  3.8559589765E+09  2.6668353496E+05  1.0283207705E+15
  7.5911823647E+00  1.8000000000E+01  4.0841490539E+09  2.6881075229E+05  1.0978631797E+15
  7.5991983968E+00  1.8000000000E+01  4.3256282050E+09  2.7098259906E+05  1.1721699736E+15
  7.6072144289E+00  1.8000000000E+01  4.5811440176E+09  2.7320038256E+05  1.2515702982E+15
  7.6152304609E+00  1.8000000000E+01  4.8514840730E+09  2.7546542814E+05  1.3364161373E+15
  7.6232464930E+00  1.8000000000E+01  5.1374779670E+09  2.7777905200E+05  1.4270837594E+15
  7.6312625251E+00  1.8000000000E+01  5.4399994440E+09  2.8014256270E+05  1.5239753853E+15
  7.6392785571E+00  1.8000000000E+01  5.7599686293E+09  2.8255727257E+05  1.6275210260E+15
  7.6472945892E+00  1.8000000000E+01  6.0983543570E+09  2.8502450900E+05  1.7381804563E+15
  7.6553106212E+00  1.8000000000E+01  6.4561765969E+09  2.8754562577E+05  1.8564453396E+15
  7.6633266533E+00  1.8000000000E+01  6.8345089923E+09  2.9012199526E+05  1.9828413855E+15
  7.6713426854E+00  1.8000000000E+01  7.2344815360E+09  2.9275499019E+05  2.1179305711E+15
  7.6793587174E+00  1.8000000000E+01  7.6572833878E+09  2.9544598161E+05  2.2623136070E+15
  7.6873747495E+00  1.8000000000E+01  8.1041658261E+09  2.9819634764E+05  2.4166326500E+15
  7.6953907816E+00  1.8000000000E+01  8.5764453281E+09  3.0100748315E+05  2.5815742226E+15
  7.7034068136E+00  1.8000000000E+01  9.0755067823E+09  3.0388081020E+05  2.7578723540E+15
  7.7114228457E+00  1.8000000000E+01  9.6028068450E+09  3.0681777489E+05  2.9463118289E+15
  7.7194388778E+00  1.8000000000E+01  1.0159877477E+10  3.0981982633E+05  3.1477314755E+15
  7.7274549098E+00  1.8000000000E+01  1.0748329677E+10  3.1288840792E+05  3.3630277604E+15
  7.7354709419E+00  1.8000000000E+01  1.1369857400E+10  3.1602496331E+05  3.5931587678E+15
  7.7434869739E+00  1.8000000000E+01  1.2026241660E+10  3.1923094485E+05  3.8391484881E+15
  7.7515030060E+00  1.8000000000E+01  1.2719354807E+10  3.2250781968E+05  4.1020913866E+15
  7.7595190381E+00  1.8000000000E+01  1.3451165018E+10  3.2585707169E+05  4.3831572435E+15
  7.7675350701E+00  1.8000000000E+01  1.4223740994E+10  3.2928019226E+05  4.6835961691E+15
  7.7755511022E+00  1.8000000000E+01  1.5039256929E+10  3.3277866921E+05  5.0047439066E+15
  7.7835671343E+00  1.8000000000E+01  1.5899997715E+10  3.3635399242E+05  5.3480277108E+15
  7.7915831663E+00  1.8000000000E+01  1.6808364403E+10  3.4000765715E+05  5.7149726013E+15
  7.7995991984E+00  1.8000000000E+01  1.7766879922E+10  3.4374116924E+05  6.1072080782E+15
  7.8076152305E+00  1.8000000000E+01  1.8778195055E+10  3.4755605176E+05  6.5264753326E+15
  7.8156312625E+00  1.8000000000E+01  1.9845094721E+10  3.5145383567E+05  6.9746346590E+15
  7.8236472946E+00  1.8000000000E+01  2.0970504579E+10  3.5543605477E+05  7.4536734142E+15
  7.8316633267E+00  1.8000000000E+01  2.2157497971E+10  3.5950424698E+05  7.9657146230E+15
  7.8396793587E+00  1.8000000000E+01  2.3409303199E+10  3.6365995797E+05  8.5130262174E+15
  7.8476953908E+00  1.8000000000E+01  2.4729311157E+10  3.6790474419E+05  9.0980308954E+15
  7.8557114228E+00  1.8000000000E+01  2.6121083324E+10  3.7224017570E+05  9.7233166460E+15
  7.8637274549E+00  1.8000000000E+01  2.7588360149E+10  3.7666783667E+05  1.0391647934E+16
  7.8717434870E+00  1.8000000000E+01  2.9135069862E+10  3.8118931955E+05  1.1105977456E+16
  7.8797595190E+00  1.8000000000E+01  3.0765337724E+10  3.8580622864E+05  1.1869458920E+16
  7.8877755511E+00  1.8000000000E+01  3.2483495732E+10  3.9052017986E+05  1.2685460596E+16
  7.8957915832E+00  1.8000000000E+01  3.4294092805E+10  3.9533280241E+05  1.3557579814E+16
  7.9038076152E+00  1.8000000000E+01  3.6201905451E+10  4.0024574418E+05  1.4489658588E+16
  7.9118236473E+00  1.8000000000E+01  3.8211948965E+10  4.0526067050E+05  1.5485800059E+16
  7.9198396794E+00  1.8000000000E+01  4.0329489182E+10  4.1037926189E+05  1.6550386003E+16
  7.9278557114E+00  1.8000000000E+01  4.2560054819E+10  4.1560321341E+05  1.7688095546E+16
  7.9358717435E+00  1.8000000000E+01  4.4909450430E+10  4.2093423898E+05  1.8903925340E+16
  7.9438877756E+00  1.8000000000E+01  4.7383769988E+10  4.2637406987E+05  2.0203210856E+16
  7.9519038076E+00  1.8000000000E+01  4.9989411144E+10  4.3192445772E+05  2.1591649300E+16
  7.9599198397E+00  1.8000000000E+01  5.2733090161E+10  4.3758717913E+05  2.3075324170E+16
  7.9679358717E+00  1.8000000000E+01  5.5621857580E+10  4.4336403812E+05  2.4660731384E+16
  7.9759519038E+00  1.8000000000E+01  5.8663114617E+10  4.4925687034E+05  2.6354807277E+16
  7.9839679359E+00  1.8000000000E+01  6.1864630357E+10  4.5526754487E+05  2.8164958377E+16
  7.9919839679E+00  1.8000000000E+01  6.5234559758E+10  4.6139797069E+05  3.0099093492E+16
  8.0000000000E+00  1.8000000000E+01  6.8781462506E+10  4.6765009777E+05  3.2165657666E+16
