2D solar wind data at 1 AU based on IPS and OMNI data from Feb 5 1985 to 2022.2 year. Lat [deg], Time [s] from Feb 5 1985, Vr [km/s], Rho [amu/cc], Ti [K]
0 1985.1 2 0 3
19 7
Lat Time Vr Rho Ti
-90 0.00 533.29 4.18 249221.38
-80 0.00 532.25 4.19 248254.11
-70 0.00 529.14 4.24 245363.60
-60 0.00 509.59 4.54 227562.70
-50 0.00 486.35 4.93 207283.27
-40 0.00 472.20 5.20 195398.93
-30 0.00 467.14 5.29 191233.64
-20 0.00 464.49 5.35 189063.72
-10 0.00 433.49 6.12 164675.33
0 0.00 402.50 6.89 141970.39
10 0.00 426.43 6.26 159352.94
20 0.00 450.36 5.64 177739.08
30 0.00 475.46 5.13 198104.22
40 0.00 513.41 4.48 230989.21
50 0.00 558.35 3.83 273197.65
60 0.00 606.97 3.26 322845.55
70 0.00 649.00 2.85 369104.48
80 0.00 674.17 2.63 398297.23
90 0.00 682.57 2.56 408275.02
-90 17627.83 529.91 4.21 246075.61
-80 17627.83 528.79 4.23 245039.89
-70 17627.83 525.45 4.28 241945.84
-60 17627.83 508.09 4.55 226223.15
-50 17627.83 487.50 4.90 208265.87
-40 17627.83 474.49 5.14 197291.86
-30 17627.83 469.03 5.24 192783.33
-20 17627.83 465.50 5.31 189886.90
-10 17627.83 441.03 5.97 170447.47
0 17627.83 416.55 6.62 152057.54
10 17627.83 434.60 6.10 165517.28
20 17627.83 452.65 5.57 179547.74
30 17627.83 478.73 5.06 200833.62
40 17627.83 517.49 4.40 234675.80
50 17627.83 563.25 3.76 278009.54
60 17627.83 613.19 3.18 329499.59
70 17627.83 655.63 2.78 376687.02
80 17627.83 678.87 2.59 403861.53
90 17627.83 686.61 2.52 413130.00
-90 35255.67 526.53 4.28 242949.82
-80 35255.67 525.34 4.30 241846.61
-70 35255.67 521.75 4.35 238552.05
-60 35255.67 506.58 4.59 224887.56
-50 35255.67 488.65 4.90 209250.80
-40 35255.67 476.77 5.12 199193.91
-30 35255.67 470.92 5.23 194339.28
-20 35255.67 466.51 5.31 190711.87
-10 35255.67 448.60 5.93 176349.94
0 35255.67 430.69 6.54 162550.16
10 35255.67 442.81 6.04 171829.09
20 35255.67 454.93 5.55 181365.55
30 35255.67 481.99 5.02 203581.69
40 35255.67 521.57 4.36 238391.58
50 35255.67 568.14 3.71 282863.45
60 35255.67 619.41 3.13 336221.50
70 35255.67 662.26 2.73 384346.66
80 35255.67 683.56 2.56 409464.42
90 35255.67 690.66 2.50 418013.66
-90 52883.50 523.16 4.26 239844.01
-80 52883.50 521.88 4.28 238674.28
-70 52883.50 518.05 4.34 235182.23
-60 52883.50 505.08 4.54 223555.93
-50 52883.50 489.81 4.80 210238.05
-40 52883.50 479.05 4.99 201105.09
-30 52883.50 472.81 5.11 195901.48
-20 52883.50 467.52 5.21 191538.63
-10 52883.50 464.79 5.49 189313.90
0 52883.50 462.07 5.77 187102.17
10 52883.50 459.64 5.59 185142.19
20 52883.50 457.22 5.41 183192.52
30 52883.50 485.25 4.88 206348.43
40 52883.50 525.65 4.23 242136.54
50 52883.50 573.04 3.59 287759.36
60 52883.50 625.64 3.02 343011.29
70 52883.50 668.89 2.64 392083.40
80 52883.50 688.25 2.48 415105.90
90 52883.50 694.71 2.43 422926.02
-90 70511.33 519.78 4.39 236758.18
-80 70511.33 518.42 4.42 235522.89
-70 70511.33 514.35 4.48 231836.38
-60 70511.33 503.58 4.65 222228.25
-50 70511.33 490.96 4.87 211227.62
-40 70511.33 481.33 5.04 203025.39
-30 70511.33 474.70 5.17 197469.93
-20 70511.33 468.53 5.29 192367.18
-10 70511.33 440.47 5.98 170017.05
0 70511.33 412.41 6.68 149046.69
10 70511.33 435.96 6.07 166551.82
20 70511.33 459.50 5.47 185028.65
30 70511.33 488.52 4.91 209133.85
40 70511.33 529.73 4.24 245910.69
50 70511.33 577.93 3.60 292697.28
60 70511.33 631.86 3.02 349868.95
70 70511.33 675.53 2.63 399897.22
80 70511.33 692.95 2.49 420785.99
90 70511.33 698.75 2.45 427867.08
-90 88139.17 516.41 4.53 233692.33
-80 88139.17 514.97 4.55 232392.44
-70 88139.17 510.65 4.62 228514.50
-60 88139.17 502.08 4.76 220904.52
-50 88139.17 492.11 4.94 212219.52
-40 88139.17 483.61 5.09 204954.81
-30 88139.17 476.59 5.22 199044.64
-20 88139.17 469.54 5.36 193197.51
-10 88139.17 449.73 5.27 177240.11
0 88139.17 429.92 5.19 161970.44
10 88139.17 445.85 5.35 174199.67
20 88139.17 461.79 5.52 186873.93
30 88139.17 491.78 4.94 211937.94
40 88139.17 533.81 4.26 249714.03
50 88139.17 582.83 3.60 297677.20
60 88139.17 638.08 3.01 356794.48
70 88139.17 682.16 2.62 407788.15
80 88139.17 697.64 2.50 426504.67
90 88139.17 702.80 2.46 432836.84
-90 105767.00 513.03 4.59 230646.46
-80 105767.00 511.51 4.61 229282.93
-70 105767.00 506.95 4.69 225216.59
-60 105767.00 500.58 4.80 219584.75
-50 105767.00 493.26 4.92 213213.73
-40 105767.00 485.89 5.06 206893.36
-30 105767.00 478.48 5.20 200625.60
-20 105767.00 470.55 5.35 194029.64
-10 105767.00 441.38 5.59 170722.58
0 105767.00 412.22 5.83 148906.33
10 105767.00 438.14 5.66 168228.20
20 105767.00 464.07 5.48 188728.37
30 105767.00 495.05 4.89 214760.70
40 105767.00 537.89 4.21 253546.55
50 105767.00 587.72 3.55 302699.14
60 105767.00 644.31 2.96 363787.89
70 105767.00 688.79 2.57 415756.16
80 105767.00 702.33 2.47 432261.96
90 105767.00 706.84 2.44 437835.29
